structure(list(globalReco = 0.883259911894273, scores = c(0.925, 
0.824175824175824, 0.959259259259259, 0.962546816479401, 0.844357976653696, 
0.509157509157509, 0.958174904942966, 0.953736654804271, 0.943262411347518, 
0.949640287769784)), .Names = c("globalReco", "scores"))
