structure(list(globalReco = 0.907488986784141, scores = c(0.957142857142857, 
0.827838827838828, 0.9, 0.928838951310861, 0.891050583657588, 
0.868131868131868, 0.935361216730038, 0.94661921708185, 0.886524822695035, 
0.931654676258993)), .Names = c("globalReco", "scores"))
