structure(list(globalReco = 0.848751835535977, scores = c(0.930232558139535, 
0.779411764705882, 0.739130434782609, 0.944444444444444, 0.821192052980132, 
0.678832116788321, 0.888111888111888, 0.858267716535433, 0.953125, 
0.906976744186046)), .Names = c("globalReco", "scores"))
