structure(list(globalReco = 0.868575624082232, scores = c(0.945736434108527, 
0.816176470588235, 0.855072463768116, 0.930555555555556, 0.814569536423841, 
0.569343065693431, 0.944055944055944, 0.94488188976378, 0.9375, 
0.945736434108527)), .Names = c("globalReco", "scores"))
