structure(list(globalReco = 0.787077826725404, scores = c(0.930232558139535, 
0.764705882352941, 0.782608695652174, 0.902777777777778, 0.735099337748344, 
0.467153284671533, 0.965034965034965, 0.929133858267717, 0.875, 
0.51937984496124)), .Names = c("globalReco", "scores"))
