structure(list(c("s1", "s2", "s3"), c("s1", "s2", "s3"), c("s1", 
"s2", "s3"), c("s1", "s2", "s3"), c("s1", "s2", "s3"), c("s1", 
"s2", "s3"), c("s1", "s2", "s3"), c("s1", "s2", "s3"), c("s1", 
"s2", "s3"), c("s1", "s2", "s3"), 1:15, 1:15, 1:15, 1:15, 1:15, 
    1:15, 1:15, 1:15, 1:15, 1:15, structure(c(1, 0, 0), .Names = c("s1", 
    "s2", "s3")), structure(c(1, 0, 0), .Names = c("s1", "s2", 
    "s3")), structure(c(1, 0, 0), .Names = c("s1", "s2", "s3"
    )), structure(c(1, 0, 0), .Names = c("s1", "s2", "s3")), 
    structure(c(1, 0, 0), .Names = c("s1", "s2", "s3")), structure(c(1, 
    0, 0), .Names = c("s1", "s2", "s3")), structure(c(1, 0, 0
    ), .Names = c("s1", "s2", "s3")), structure(c(1, 0, 0), .Names = c("s1", 
    "s2", "s3")), structure(c(1, 0, 0), .Names = c("s1", "s2", 
    "s3")), structure(c(1, 0, 0), .Names = c("s1", "s2", "s3"
    )), structure(c(0.893603931315804, 0, 0, 0.106396068684197, 
    0.866679910391226, 0, 0, 0.133320089608774, 1), .Dim = c(3L, 
    3L), .Dimnames = structure(list(from = c("s1", "s2", "s3"
    ), to = c("s1", "s2", "s3")), .Names = c("from", "to"))), 
    structure(c(0.920964036150881, 0, 0, 0.0790359638491188, 
    0.903014918061814, 0, 0, 0.0969850819381862, 1), .Dim = c(3L, 
    3L), .Dimnames = structure(list(from = c("s1", "s2", "s3"
    ), to = c("s1", "s2", "s3")), .Names = c("from", "to"))), 
    structure(c(0.918684285352286, 0, 0, 0.0813157146477139, 
    0.843216516548745, 0, 0, 0.156783483451255, 1), .Dim = c(3L, 
    3L), .Dimnames = structure(list(from = c("s1", "s2", "s3"
    ), to = c("s1", "s2", "s3")), .Names = c("from", "to"))), 
    structure(c(0.879597073257309, 0, 0, 0.120402926742691, 0.899678210986651, 
    0, 0, 0.100321789013349, 1), .Dim = c(3L, 3L), .Dimnames = structure(list(
        from = c("s1", "s2", "s3"), to = c("s1", "s2", "s3")), .Names = c("from", 
    "to"))), structure(c(0.857760850663272, 0, 0, 0.142239149336728, 
    0.853560991579887, 0, 0, 0.146439008420114, 1), .Dim = c(3L, 
    3L), .Dimnames = structure(list(from = c("s1", "s2", "s3"
    ), to = c("s1", "s2", "s3")), .Names = c("from", "to"))), 
    structure(c(0.882344377506349, 0, 0, 0.117655622493651, 0.874300119161876, 
    0, 0, 0.125699880838124, 1), .Dim = c(3L, 3L), .Dimnames = structure(list(
        from = c("s1", "s2", "s3"), to = c("s1", "s2", "s3")), .Names = c("from", 
    "to"))), structure(c(0.862734471464626, 0, 0, 0.137265528535374, 
    0.838709040886149, 0, 0, 0.161290959113851, 1), .Dim = c(3L, 
    3L), .Dimnames = structure(list(from = c("s1", "s2", "s3"
    ), to = c("s1", "s2", "s3")), .Names = c("from", "to"))), 
    structure(c(0.851385768421241, 0, 0, 0.148614231578759, 0.770415662078091, 
    0, 0, 0.229584337921909, 1), .Dim = c(3L, 3L), .Dimnames = structure(list(
        from = c("s1", "s2", "s3"), to = c("s1", "s2", "s3")), .Names = c("from", 
    "to"))), structure(c(0.869503091960627, 0, 0, 0.130496908039373, 
    0.943675812823943, 0, 0, 0.056324187176057, 1), .Dim = c(3L, 
    3L), .Dimnames = structure(list(from = c("s1", "s2", "s3"
    ), to = c("s1", "s2", "s3")), .Names = c("from", "to"))), 
    structure(c(0.935798989740545, 0, 0, 0.0642010102594554, 
    0.808251225103987, 0, 0, 0.191748774896013, 1), .Dim = c(3L, 
    3L), .Dimnames = structure(list(from = c("s1", "s2", "s3"
    ), to = c("s1", "s2", "s3")), .Names = c("from", "to"))), 
    structure(c(0.00157690748756605, 0.357831684316721, 0.00247130501663226, 
    0.00150594057844276, 0.449321098998484, 0.00117148693223721, 
    0, 0.151557168412628, 0.000820742786924346, 0.207026821145161, 
    0.000882584122939031, 0.0118033948853428, 1.82952151136072e-116, 
    0.014039281872645, 0.00450758038778988, 0.000424242306452635, 
    0.0263681822765826, 0.154095558705823, 0.198331994398653, 
    1.87908183806108e-210, 0.0237193421084049, 0.00265990171710503, 
    7.04378283553098e-35, 0.00572177977141577, 0.00605909884792615, 
    1.89298499760812e-23, 0.14878109996935, 0.204031783792449, 
    0, 0.0501485153382776, 0.0330587784840184, 5.53290283255569e-164, 
    0.0373278013659029, 0.0147987759184138, 0, 0.156410139664571, 
    0.113615801916339, 0, 0.0408698555101124, 0.191471570620641, 
    0, 0.193480301239612, 0.0254383827868334, 0, 0.168671096317605
    ), .Dim = c(3L, 15L), .Dimnames = structure(list(states = c("s1", 
    "s2", "s3"), symbols = c("1", "2", "3", "4", "5", "6", "7", 
    "8", "9", "10", "11", "12", "13", "14", "15")), .Names = c("states", 
    "symbols"))), structure(c(0.100320195642884, 0.00144718529573434, 
    0.030779044793472, 0.0235258889186488, 1.0493276599936e-15, 
    0.319960623690739, 1.53881312447612e-109, 0.000357910035435825, 
    0.400376521465098, 0.12070845189194, 0.000734646889353503, 
    2.49205766150404e-108, 0.11718714309372, 0.0716449849904178, 
    0.0141108244486296, 2.81974337486933e-113, 0.0145194071917297, 
    0.234772985602061, 0.0735357824420903, 0.000712955546320005, 
    0, 0.202510530918987, 0.0272734579323978, 1.5378649870804e-191, 
    3.10248729216673e-136, 0.211034638357342, 3.34826662054532e-30, 
    0.0144755478346529, 0, 0, 0.194743602815474, 0.0133094355973516, 
    0, 0.000309694706892609, 0.28087936213815, 0, 0.00115804382677221, 
    0, 0, 0.141880694593768, 0.00282679208052824, 0, 0.00964442331417024, 
    0.375259223945239, 0), .Dim = c(3L, 15L), .Dimnames = structure(list(
        states = c("s1", "s2", "s3"), symbols = c("1", "2", "3", 
        "4", "5", "6", "7", "8", "9", "10", "11", "12", "13", 
        "14", "15")), .Names = c("states", "symbols"))), structure(c(0, 
    0.0112827229005467, 0.29977751781698, 0, 0.0013785855007841, 
    0.373385351774253, 0, 0.000581821387234862, 0.240391791683917, 
    2.09060056565711e-40, 0.283836368440704, 0.022960948384131, 
    3.73352904117973e-111, 0.257872738515484, 0.00978422980108056, 
    4.2960036928705e-144, 0.00118386308293918, 0.0454492997099475, 
    0.0184035790371843, 0.0760073773744187, 2.42886632804314e-100, 
    0.026244898038139, 0.337874662059758, 5.52190160758284e-126, 
    0.00186451978952393, 0.0229846515408884, 0.00661553815721547, 
    0.10653683375454, 0.00363276450366457, 0, 0.240997532485413, 
    0.00104166783303821, 0, 0.0418625345346793, 8.04318146660868e-11, 
    0.000981193603649408, 0.182207431984143, 0.00116137251778703, 
    0, 0.33459908815605, 0.00116140426232091, 0, 0.047283582220328, 
    3.13067864221634e-134, 0.000654129068826551), .Dim = c(3L, 
    15L), .Dimnames = structure(list(states = c("s1", "s2", "s3"
    ), symbols = c("1", "2", "3", "4", "5", "6", "7", "8", "9", 
    "10", "11", "12", "13", "14", "15")), .Names = c("states", 
    "symbols"))), structure(c(0, 0, 0.166561673137605, 0.0018037891646845, 
    4.17151439566426e-21, 0.372932541575786, 1.85723711649513e-29, 
    0.00188525306954027, 0.196498005457951, 0, 0.00157347683295861, 
    0.00822502665030755, 0, 0.00450171970892161, 0.045242141892393, 
    0, 0.00348989524710952, 0.208199914653735, 5.03848593618431e-84, 
    0.0520269982876706, 0.000636965847421063, 9.65519721398904e-117, 
    0.412691266158417, 0.0017037307653314, 5.41644278340201e-137, 
    0.145147846888477, 1.94698521385619e-11, 0.0237481116438438, 
    0.00992934871595671, 0, 0.0137820051295587, 0.306672012265303, 
    2.37696901983076e-194, 0.00212098587681427, 0.0589249736230119, 
    6.13075732102036e-245, 0.270117420198471, 0.00188504300322102, 
    4.90191194062788e-58, 0.567122866661594, 0.00127216619941301, 
    0, 0.121304821325033, 2.82981077710968e-17, 0), .Dim = c(3L, 
    15L), .Dimnames = structure(list(states = c("s1", "s2", "s3"
    ), symbols = c("1", "2", "3", "4", "5", "6", "7", "8", "9", 
    "10", "11", "12", "13", "14", "15")),