structure(list(globalReco = 0.87151248164464, scores = c(0.930232558139535, 
0.808823529411765, 0.876811594202899, 0.9375, 0.847682119205298, 
0.562043795620438, 0.958041958041958, 0.952755905511811, 0.921875, 
0.930232558139535)), .Names = c("globalReco", "scores"))
