structure(list(globalReco = 0.882525697503671, scores = c(0.922480620155039, 
0.794117647058823, 0.891304347826087, 0.944444444444444, 0.887417218543046, 
0.64963503649635, 0.979020979020979, 0.921259842519685, 0.9140625, 
0.922480620155039)), .Names = c("globalReco", "scores"))
