structure(list(globalReco = 0.872980910425844, scores = c(0.975, 
0.827838827838828, 0.92962962962963, 0.951310861423221, 0.778210116731518, 
0.538461538461538, 0.939163498098859, 0.95729537366548, 0.925531914893617, 
0.899280575539568)), .Names = c("globalReco", "scores"))
