structure(list(globalReco = 0.803964757709251, scores = c(0.937984496124031, 
0.735294117647059, 0.673913043478261, 0.868055555555556, 0.701986754966887, 
0.525547445255474, 0.916083916083916, 0.889763779527559, 0.8984375, 
0.922480620155039)), .Names = c("globalReco", "scores"))
