structure(list(c("s1", "s2", "s3", "s4", "s5", "s6"), c("s1", 
"s2", "s3", "s4", "s5", "s6"), c("s1", "s2", "s3", "s4", "s5", 
"s6"), c("s1", "s2", "s3", "s4", "s5", "s6"), c("s1", "s2", "s3", 
"s4", "s5", "s6"), c("s1", "s2", "s3", "s4", "s5", "s6"), c("s1", 
"s2", "s3", "s4", "s5", "s6"), c("s1", "s2", "s3", "s4", "s5", 
"s6"), c("s1", "s2", "s3", "s4", "s5", "s6"), c("s1", "s2", "s3", 
"s4", "s5", "s6"), 1:15, 1:15, 1:15, 1:15, 1:15, 1:15, 1:15, 
    1:15, 1:15, 1:15, structure(c(1, 0, 0, 0, 0, 0), .Names = c("s1", 
    "s2", "s3", "s4", "s5", "s6")), structure(c(1, 0, 0, 0, 0, 
    0), .Names = c("s1", "s2", "s3", "s4", "s5", "s6")), structure(c(1, 
    0, 0, 0, 0, 0), .Names = c("s1", "s2", "s3", "s4", "s5", 
    "s6")), structure(c(1, 0, 0, 0, 0, 0), .Names = c("s1", "s2", 
    "s3", "s4", "s5", "s6")), structure(c(1, 0, 0, 0, 0, 0), .Names = c("s1", 
    "s2", "s3", "s4", "s5", "s6")), structure(c(1, 0, 0, 0, 0, 
    0), .Names = c("s1", "s2", "s3", "s4", "s5", "s6")), structure(c(1, 
    0, 0, 0, 0, 0), .Names = c("s1", "s2", "s3", "s4", "s5", 
    "s6")), structure(c(1, 0, 0, 0, 0, 0), .Names = c("s1", "s2", 
    "s3", "s4", "s5", "s6")), structure(c(1, 0, 0, 0, 0, 0), .Names = c("s1", 
    "s2", "s3", "s4", "s5", "s6")), structure(c(1, 0, 0, 0, 0, 
    0), .Names = c("s1", "s2", "s3", "s4", "s5", "s6")), structure(c(0.866420647600569, 
    0, 0, 0, 0, 0, 0.133579352399431, 0.783693351587126, 0, 0, 
    0, 0, 0, 0.216306648412873, 0.788054768931388, 0, 0, 0, 0, 
    0, 0.211945231068611, 0.757117422442189, 0, 0, 0, 0, 0, 0.242882577557811, 
    0.781475708076939, 0, 0, 0, 0, 0, 0.218524291923061, 1), .Dim = c(6L, 
    6L), .Dimnames = structure(list(from = c("s1", "s2", "s3", 
    "s4", "s5", "s6"), to = c("s1", "s2", "s3", "s4", "s5", "s6"
    )), .Names = c("from", "to"))), structure(c(0.770532747670665, 
    0, 0, 0, 0, 0, 0.229467252329335, 0.872071633853269, 0, 0, 
    0, 0, 0, 0.127928366146731, 0.876690086989324, 0, 0, 0, 0, 
    0, 0.123309913010676, 0.639767528840781, 0, 0, 0, 0, 0, 0.360232471159219, 
    0.796912668655163, 0, 0, 0, 0, 0, 0.203087331344837, 1), .Dim = c(6L, 
    6L), .Dimnames = structure(list(from = c("s1", "s2", "s3", 
    "s4", "s5", "s6"), to = c("s1", "s2", "s3", "s4", "s5", "s6"
    )), .Names = c("from", "to"))), structure(c(0.900636845868097, 
    0, 0, 0, 0, 0, 0.0993631541319028, 0.783130477194827, 0, 
    0, 0, 0, 0, 0.216869522805173, 0.721933591640249, 0, 0, 0, 
    0, 0, 0.278066408359751, 0.782348474904854, 0, 0, 0, 0, 0, 
    0.217651525095146, 0.739467555132357, 0, 0, 0, 0, 0, 0.260532444867643, 
    1), .Dim = c(6L, 6L), .Dimnames = structure(list(from = c("s1", 
    "s2", "s3", "s4", "s5", "s6"), to = c("s1", "s2", "s3", "s4", 
    "s5", "s6")), .Names = c("from", "to"))), structure(c(0.87782917012979, 
    0, 0, 0, 0, 0, 0.12217082987021, 0.754166021918639, 0, 0, 
    0, 0, 0, 0.245833978081361, 0.833489555655182, 0, 0, 0, 0, 
    0, 0.166510444344818, 0.652468337429769, 0, 0, 0, 0, 0, 0.347531662570231, 
    0.592917633189084, 0, 0, 0, 0, 0, 0.407082366810916, 1), .Dim = c(6L, 
    6L), .Dimnames = structure(list(from = c("s1", "s2", "s3", 
    "s4", "s5", "s6"), to = c("s1", "s2", "s3", "s4", "s5", "s6"
    )), .Names = c("from", "to"))), structure(c(0.856299247783996, 
    0, 0, 0, 0, 0, 0.143700752216004, 0.803283752657012, 0, 0, 
    0, 0, 0, 0.196716247342988, 0.789184572018453, 0, 0, 0, 0, 
    0, 0.210815427981547, 0.847899838370348, 0, 0, 0, 0, 0, 0.152100161629652, 
    0.870191004716913, 0, 0, 0, 0, 0, 0.129808995283087, 1), .Dim = c(6L, 
    6L), .Dimnames = structure(list(from = c("s1", "s2", "s3", 
    "s4", "s5", "s6"), to = c("s1", "s2", "s3", "s4", "s5", "s6"
    )), .Names = c("from", "to"))), structure(c(0.868626105328835, 
    0, 0, 0, 0, 0, 0.131373894671165, 0.804036589501188, 0, 0, 
    0, 0, 0, 0.195963410498812, 0.873344839764094, 0, 0, 0, 0, 
    0, 0.126655160235906, 0.857356984491504, 0, 0, 0, 0, 0, 0.142643015508496, 
    0.810930237609319, 0, 0, 0, 0, 0, 0.189069762390681, 1), .Dim = c(6L, 
    6L), .Dimnames = structure(list(from = c("s1", "s2", "s3", 
    "s4", "s5", "s6"), to = c("s1", "s2", "s3", "s4", "s5", "s6"
    )), .Names = c("from", "to"))), structure(c(0.860325846755143, 
    0, 0, 0, 0, 0, 0.139674153244857, 0.789024461140335, 0, 0, 
    0, 0, 0, 0.210975538859665, 0.786990504658413, 0, 0, 0, 0, 
    0, 0.213009495341587, 0.785687696514971, 0, 0, 0, 0, 0, 0.214312303485029, 
    0.717273389475597, 0, 0, 0, 0, 0, 0.282726610524403, 1), .Dim = c(6L, 
    6L), .Dimnames = structure(list(from = c("s1", "s2", "s3", 
    "s4", "s5", "s6"), to = c("s1", "s2", "s3", "s4", "s5", "s6"
    )), .Names = c("from", "to"))), structure(c(0.851435624503354, 
    0, 0, 0, 0, 0, 0.148564375496646, 0.769589803845257, 0, 0, 
    0, 0, 0, 0.230410196154743, 0.762661357048501, 0, 0, 0, 0, 
    0, 0.237338642951498, 0.808952394390152, 0, 0, 0, 0, 0, 0.191047605609849, 
    0.84325351203999, 0, 0, 0, 0, 0, 0.15674648796001, 1), .Dim = c(6L, 
    6L), .Dimnames = structure(list(from = c("s1", "s2", "s3", 
    "s4", "s5", "s6"), to = c("s1", "s2", "s3", "s4", "s5", "s6"
    )), .Names = c("from", "to"))), structure(c(0.865831817353612, 
    0, 0, 0, 0, 0, 0.134168182646388, 0.749138131609844, 0, 0, 
    0, 0, 0, 0.250861868390156, 0.87663186740325, 0, 0, 0, 0, 
    0, 0.12336813259675, 0.769866069243266, 0, 0, 0, 0, 0, 0.230133930756734, 
    0.659059054055609, 0, 0, 0, 0, 0, 0.340940945944391, 1), .Dim = c(6L, 
    6L), .Dimnames = structure(list(from = c("s1", "s2", "s3", 
    "s4", "s5", "s6"), to = c("s1", "s2", "s3", "s4", "s5", "s6"
    )), .Names = c("from", "to"))), structure(c(0.8905582071257, 
    0, 0, 0, 0, 0, 0.1094417928743, 0.858039297218781, 0, 0, 
    0, 0, 0, 0.141960702781219, 0.781121127077633, 0, 0, 0, 0, 
    0, 0.218878872922367, 0.474982058836132, 0, 0, 0, 0, 0, 0.525017941163868, 
    0.598986984437376, 0, 0, 0, 0, 0, 0.401013015562624, 1), .Dim = c(6L, 
    6L), .Dimnames = structure(list(from = c("s1", "s2", "s3", 
    "s4", "s5", "s6"), to = c("s1", "s2", "s3", "s4", "s5", "s6"
    )), .Names = c("from", "to"))), structure(c(0.00143435814945217, 
    0.573207516162263, 1.03064768871047e-20, 0.00591402872253281, 
    0.00315188464166293, 0.00627313683652655, 0.00238534557868222, 
    3.86695532077891e-38, 0.714558207602714, 1.78078041901502e-68, 
    0, 0.00148770295301477, 0.000954138231454772, 6.5007514759559e-310, 
    0.241466173967461, 8.45995211761404e-20, 0, 0, 0.00510292817568445, 
    0.415079779059271, 5.89838771011383e-104, 0.00149770827200937, 
    0.00269023237185311, 0.0275720557767976, 0, 1.6387919424873e-67, 
    0.0272501011373991, 8.34240683374801e-22, 0, 0.00743851476507384, 
    0.00095413823148499, 9.23944145069164e-53, 0.0156589270598484, 
    0.519891208419313, 0, 0.000743851476507384, 0.249507147514514, 
    4.84689958584254e-12, 0, 0, 1.05687521476994e-172, 0.0639712269796349, 
    0.00179161954682817, 0.00219045904790761, 0.00106659023257755, 
    1.51520099252781e-09, 0.000838167439076844, 0.0141331550522847, 
    0.00270681725931975, 0.00952224572571174, 3.65460554181058e-25, 
    0.472697053070944, 1.40462676214031e-22, 0, 0.256663184253191, 
    0, 0, 0, 0, 0.136124820200851, 0.041505013066966, 3.78976134157119e-121, 
    0, 0, 0.00318274388123721, 0.0990829639157423, 0.0190827646284901, 
    4.90637364414772e-46, 0, 9.79837173174302e-23, 0.477634882415235, 
    0.00232546199701593, 0.143597803829387, 0, 0, 0, 0, 0.110090018523093, 
    0.241396972550399, 0, 0, 0, 0.00129940186942453, 0.525493624913438, 
    0.0329177689841456, 0, 0, 0, 0.511202687381511, 0.00526346661001923
    ), .Dim = c(6L, 15L), .Dimnames = structure(list(states = c("s1", 
    "s2", "s3", "s4", "s5", "s6"), symbols = c("1", "2", "3", 
    "4", "5", "6", "7", "8", "9", "10", "11", "12", "13", "14", 
    "15")),