structure(list(globalReco = 0.89647577092511, scores = c(0.942857142857143, 
0.853479853479853, 0.962962962962963, 0.943820224719101, 0.883268482490272, 
0.549450549450549, 0.954372623574145, 0.950177935943061, 0.946808510638298, 
0.974820143884892)), .Names = c("globalReco", "scores"))
