structure(list(globalReco = 0.897944199706314, scores = c(0.942857142857143, 
0.853479853479853, 0.966666666666667, 0.955056179775281, 0.883268482490272, 
0.56043956043956, 0.954372623574145, 0.943060498220641, 0.946808510638298, 
0.971223021582734)), .Names = c("globalReco", "scores"))
