structure(list(globalReco = 0.833700440528634, scores = c(0.932142857142857, 
0.761904761904762, 0.9, 0.910112359550562, 0.824902723735409, 
0.395604395604396, 0.904942965779468, 0.850533807829182, 0.918439716312057, 
0.935251798561151)), .Names = c("globalReco", "scores"))
