structure(list(globalReco = 0.897577092511013, scores = c(0.946428571428571, 
0.846153846153846, 0.966666666666667, 0.943820224719101, 0.875486381322957, 
0.567765567765568, 0.954372623574145, 0.96085409252669, 0.943262411347518, 
0.967625899280576)), .Names = c("globalReco", "scores"))
