structure(list(globalReco = 0.862701908957416, scores = c(0.967857142857143, 
0.802197802197802, 0.859259259259259, 0.917602996254682, 0.809338521400778, 
0.626373626373626, 0.88212927756654, 0.879003558718861, 0.953900709219858, 
0.920863309352518)), .Names = c("globalReco", "scores"))
