structure(list(c("s1", "s2", "s3", "s4", "s5", "s6"), c("s1", 
"s2", "s3", "s4", "s5", "s6"), c("s1", "s2", "s3", "s4", "s5", 
"s6"), c("s1", "s2", "s3", "s4", "s5", "s6"), c("s1", "s2", "s3", 
"s4", "s5", "s6"), c("s1", "s2", "s3", "s4", "s5", "s6"), c("s1", 
"s2", "s3", "s4", "s5", "s6"), c("s1", "s2", "s3", "s4", "s5", 
"s6"), c("s1", "s2", "s3", "s4", "s5", "s6"), c("s1", "s2", "s3", 
"s4", "s5", "s6"), 1:15, 1:15, 1:15, 1:15, 1:15, 1:15, 1:15, 
    1:15, 1:15, 1:15, structure(c(1, 0, 0, 0, 0, 0), .Names = c("s1", 
    "s2", "s3", "s4", "s5", "s6")), structure(c(1, 0, 0, 0, 0, 
    0), .Names = c("s1", "s2", "s3", "s4", "s5", "s6")), structure(c(1, 
    0, 0, 0, 0, 0), .Names = c("s1", "s2", "s3", "s4", "s5", 
    "s6")), structure(c(1, 0, 0, 0, 0, 0), .Names = c("s1", "s2", 
    "s3", "s4", "s5", "s6")), structure(c(1, 0, 0, 0, 0, 0), .Names = c("s1", 
    "s2", "s3", "s4", "s5", "s6")), structure(c(1, 0, 0, 0, 0, 
    0), .Names = c("s1", "s2", "s3", "s4", "s5", "s6")), structure(c(1, 
    0, 0, 0, 0, 0), .Names = c("s1", "s2", "s3", "s4", "s5", 
    "s6")), structure(c(1, 0, 0, 0, 0, 0), .Names = c("s1", "s2", 
    "s3", "s4", "s5", "s6")), structure(c(1, 0, 0, 0, 0, 0), .Names = c("s1", 
    "s2", "s3", "s4", "s5", "s6")), structure(c(1, 0, 0, 0, 0, 
    0), .Names = c("s1", "s2", "s3", "s4", "s5", "s6")), structure(c(0.746085657691844, 
    0, 0, 0, 0, 0, 0.253914342308156, 0.47399517566587, 0, 0, 
    0, 0, 0, 0.52600482433413, 0.452893123059235, 0, 0, 0, 0, 
    0, 0.547106876940765, 0.499358728747973, 0, 0, 0, 0, 0, 0.500641271252027, 
    0.859964158127992, 0, 0, 0, 0, 0, 0.140035841872008, 1), .Dim = c(6L, 
    6L), .Dimnames = structure(list(from = c("s1", "s2", "s3", 
    "s4", "s5", "s6"), to = c("s1", "s2", "s3", "s4", "s5", "s6"
    )), .Names = c("from", "to"))), structure(c(0.61185989819717, 
    0, 0, 0, 0, 0, 0.38814010180283, 0.448207725159845, 0, 0, 
    0, 0, 0, 0.551792274840155, 0.464890310645389, 0, 0, 0, 0, 
    0, 0.535109689354611, 0.847020790061877, 0, 0, 0, 0, 0, 0.152979209938123, 
    0.899861495594243, 0, 0, 0, 0, 0, 0.100138504405757, 1), .Dim = c(6L, 
    6L), .Dimnames = structure(list(from = c("s1", "s2", "s3", 
    "s4", "s5", "s6"), to = c("s1", "s2", "s3", "s4", "s5", "s6"
    )), .Names = c("from", "to"))), structure(c(0.669392660797213, 
    0, 0, 0, 0, 0, 0.330607339202787, 0.582761387983351, 0, 0, 
    0, 0, 0, 0.417238612016649, 0.742162406669518, 0, 0, 0, 0, 
    0, 0.257837593330482, 0.653477121482762, 0, 0, 0, 0, 0, 0.346522878517238, 
    0.838032446798066, 0, 0, 0, 0, 0, 0.161967553201934, 1), .Dim = c(6L, 
    6L), .Dimnames = structure(list(from = c("s1", "s2", "s3", 
    "s4", "s5", "s6"), to = c("s1", "s2", "s3", "s4", "s5", "s6"
    )), .Names = c("from", "to"))), structure(c(0.653588434805876, 
    0, 0, 0, 0, 0, 0.346411565194124, 0.686194425416039, 0, 0, 
    0, 0, 0, 0.313805574583961, 0.535777407725858, 0, 0, 0, 0, 
    0, 0.464222592274142, 0.744068033684852, 0, 0, 0, 0, 0, 0.255931966315148, 
    0.834759587482113, 0, 0, 0, 0, 0, 0.165240412517887, 1), .Dim = c(6L, 
    6L), .Dimnames = structure(list(from = c("s1", "s2", "s3", 
    "s4", "s5", "s6"), to = c("s1", "s2", "s3", "s4", "s5", "s6"
    )), .Names = c("from", "to"))), structure(c(0.53083321176982, 
    0, 0, 0, 0, 0, 0.46916678823018, 0.47886636640813, 0, 0, 
    0, 0, 0, 0.52113363359187, 0.654734506538265, 0, 0, 0, 0, 
    0, 0.345265493461735, 0.741877416668286, 0, 0, 0, 0, 0, 0.258122583331714, 
    0.822837989004314, 0, 0, 0, 0, 0, 0.177162010995686, 1), .Dim = c(6L, 
    6L), .Dimnames = structure(list(from = c("s1", "s2", "s3", 
    "s4", "s5", "s6"), to = c("s1", "s2", "s3", "s4", "s5", "s6"
    )), .Names = c("from", "to"))), structure(c(0.830069600784887, 
    0, 0, 0, 0, 0, 0.169930399215113, 0.5400681021475, 0, 0, 
    0, 0, 0, 0.4599318978525, 0.552082607938507, 0, 0, 0, 0, 
    0, 0.447917392061493, 0.61428324232621, 0, 0, 0, 0, 0, 0.38571675767379, 
    0.74103482231999, 0, 0, 0, 0, 0, 0.25896517768001, 1), .Dim = c(6L, 
    6L), .Dimnames = structure(list(from = c("s1", "s2", "s3", 
    "s4", "s5", "s6"), to = c("s1", "s2", "s3", "s4", "s5", "s6"
    )), .Names = c("from", "to"))), structure(c(0.588270544221433, 
    0, 0, 0, 0, 0, 0.411729455778567, 0.644896694513824, 0, 0, 
    0, 0, 0, 0.355103305486176, 0.667921105096321, 0, 0, 0, 0, 
    0, 0.332078894903679, 0.619122204711056, 0, 0, 0, 0, 0, 0.380877795288944, 
    0.54112881165275, 0, 0, 0, 0, 0, 0.45887118834725, 1), .Dim = c(6L, 
    6L), .Dimnames = structure(list(from = c("s1", "s2", "s3", 
    "s4", "s5", "s6"), to = c("s1", "s2", "s3", "s4", "s5", "s6"
    )), .Names = c("from", "to"))), structure(c(0.522111173991677, 
    0, 0, 0, 0, 0, 0.477888826008323, 0.420481109819746, 0, 0, 
    0, 0, 0, 0.579518890180254, 0.715061217845559, 0, 0, 0, 0, 
    0, 0.284938782154441, 0.690578367387638, 0, 0, 0, 0, 0, 0.309421632612362, 
    0.493166533341779, 0, 0, 0, 0, 0, 0.506833466658221, 1), .Dim = c(6L, 
    6L), .Dimnames = structure(list(from = c("s1", "s2", "s3", 
    "s4", "s5", "s6"), to = c("s1", "s2", "s3", "s4", "s5", "s6"
    )), .Names = c("from", "to"))), structure(c(0.817376304073449, 
    0, 0, 0, 0, 0, 0.182623695926551, 0.479057955065384, 0, 0, 
    0, 0, 0, 0.520942044934616, 0.600291483043516, 0, 0, 0, 0, 
    0, 0.399708516956484, 0.461421553918428, 0, 0, 0, 0, 0, 0.538578446081572, 
    0.888737838462987, 0, 0, 0, 0, 0, 0.111262161537013, 1), .Dim = c(6L, 
    6L), .Dimnames = structure(list(from = c("s1", "s2", "s3", 
    "s4", "s5", "s6"), to = c("s1", "s2", "s3", "s4", "s5", "s6"
    )), .Names = c("from", "to"))), structure(c(0.651974076588323, 
    0, 0, 0, 0, 0, 0.348025923411677, 0.672448260553595, 0, 0, 
    0, 0, 0, 0.327551739446405, 0.690888945436309, 0, 0, 0, 0, 
    0, 0.309111054563691, 0.856214676615232, 0, 0, 0, 0, 0, 0.143785323384768, 
    0.795678746112352, 0, 0, 0, 0, 0, 0.204321253887648, 1), .Dim = c(6L, 
    6L), .Dimnames = structure(list(from = c("s1", "s2", "s3", 
    "s4", "s5", "s6"), to = c("s1", "s2", "s3", "s4", "s5", "s6"
    )), .Names = c("from", "to"))), structure(c(0.00272592040385604, 
    0.00384279023374559, 0.0118806375099309, 0.0512730192169452, 
    0.358166393530271, 0.00217697501904749, 0.0045342067339445, 
    0, 4.40926191305862e-171, 0.00182193474007943, 0.471559711638327, 
    0.000569235750407283, 0.00181367391136347, 0, 5.43602755563646e-67, 
    0.0130295438818772, 0.155896305065753, 1.27652362677699e-33, 
    0.00636583193661326, 0.0113054105382645, 0.0286483727759658, 
    0.930299493075896, 7.88471738813175e-22, 0.0113685617778931, 
    0, 0, 0, 2.50958662007934e-50, 0.0143775897656488, 0.00466982239521786, 
    0.00181369040159878, 2.38672348399558e-17, 0.0234474375831784, 
    0, 1.29590049009565e-23, 0.164573508527771, 0.0136243982168613, 
    0.0581141030296969, 0.932115645867062, 4.53993350548128e-36, 
    0, 0.0232784870944454, 0.0027205108104445, 0, 0.0039079062638632, 
    0.00357600908520184, 6.38165582910404e-125, 0.00568428253731031, 
    0.00533970524536808, 0.0227529721348989, 0, 0, 4.99355168939374e-240, 
    0.147249982431975, 0.0591582228727923, 0.888129519494193, 
    1.04457295952034e-38, 0, 0, 0.0495344571774435, 0.0712411501634975, 
    0.0158552045692014, 2.67950415431103e-116, 0, 0, 0.0370831765529291, 
    0.0362734885163942, 0, 0, 0, 0, 0.15509970593588, 0.272957923503167, 
    1.77194646083466e-18, 0, 0, 0, 0.0400606562337744, 0.458859512078174, 
    6.12575488845985e-105, 0, 0, 0, 0.191641518961979, 0.0625717652059247, 
    0, 0, 0, 0, 0.167009629603927), .Dim = c(6L, 15L), .Dimnames = structure(list(
        states = c("s1", "s2", "s3", "s4", "s5", "s6"), symbols = c("1", 
        "2", "3", "4", "5", "6", "7", "8", "9", "10", "11", "12", 
        "13", "14", "15")),