structure(list(globalReco = 0.870778267254038, scores = c(0.883720930232558, 
0.816176470588235, 0.891304347826087, 0.944444444444444, 0.847682119205298, 
0.562043795620438, 0.986013986013986, 0.94488188976378, 0.921875, 
0.914728682170543)), .Names = c("globalReco", "scores"))
