structure(list(globalReco = 0.886930983847283, scores = c(0.937984496124031, 
0.794117647058823, 0.855072463768116, 0.916666666666667, 0.847682119205298, 
0.824817518248175, 0.958041958041958, 0.913385826771654, 0.921875, 
0.906976744186046)), .Names = c("globalReco", "scores"))
