structure(list(globalReco = 0.899045521292217, scores = c(0.975, 
0.791208791208791, 0.885185185185185, 0.906367041198502, 0.875486381322957, 
0.864468864468865, 0.91254752851711, 0.932384341637011, 0.921985815602837, 
0.920863309352518)), .Names = c("globalReco", "scores"))
