structure(list(globalReco = 0.884728340675477, scores = c(0.922480620155039, 
0.801470588235294, 0.869565217391304, 0.930555555555556, 0.887417218543046, 
0.635036496350365, 0.986013986013986, 0.94488188976378, 0.9296875, 
0.945736434108527)), .Names = c("globalReco", "scores"))
