structure(list(globalReco = 0.880323054331865, scores = c(0.914728682170543, 
0.794117647058823, 0.898550724637681, 0.944444444444444, 0.900662251655629, 
0.605839416058394, 0.986013986013986, 0.929133858267717, 0.90625, 
0.922480620155039)), .Names = c("globalReco", "scores"))
