structure(list(globalReco = 0.779735682819383, scores = c(0.953571428571429, 
0.754578754578755, 0.840740740740741, 0.902621722846442, 0.817120622568093, 
0.41025641025641, 0.920152091254753, 0.950177935943061, 0.840425531914894, 
0.413669064748201)), .Names = c("globalReco", "scores"))
