structure(list(globalReco = 0.871145374449339, scores = c(0.95, 
0.798534798534799, 0.8, 0.925093632958802, 0.879377431906615, 
0.725274725274725, 0.889733840304182, 0.889679715302491, 0.925531914893617, 
0.924460431654676)), .Names = c("globalReco", "scores"))
