structure(list(globalReco = 0.806901615271659, scores = c(0.964285714285714, 
0.743589743589744, 0.766666666666667, 0.827715355805243, 0.723735408560311, 
0.509157509157509, 0.870722433460076, 0.868327402135231, 0.893617021276596, 
0.888489208633094)), .Names = c("globalReco", "scores"))
