structure(list(globalReco = 0.874449339207048, scores = c(0.875968992248062, 
0.816176470588235, 0.905797101449275, 0.930555555555556, 0.847682119205298, 
0.591240875912409, 0.986013986013986, 0.94488188976378, 0.9296875, 
0.922480620155039)), .Names = c("globalReco", "scores"))
