structure(list(globalReco = 0.891703377386197, scores = c(0.942857142857143, 
0.813186813186813, 0.959259259259259, 0.943820224719101, 0.88715953307393, 
0.545787545787546, 0.961977186311787, 0.96085409252669, 0.939716312056738, 
0.960431654676259)), .Names = c("globalReco", "scores"))
