structure(list(globalReco = 0.817180616740088, scores = c(0.967857142857143, 
0.761904761904762, 0.840740740740741, 0.861423220973783, 0.715953307392996, 
0.454212454212454, 0.889733840304182, 0.846975088967972, 0.932624113475177, 
0.888489208633094)), .Names = c("globalReco", "scores"))
