structure(list(globalReco = 0.881057268722467, scores = c(0.922480620155039, 
0.794117647058823, 0.891304347826087, 0.944444444444444, 0.887417218543046, 
0.64963503649635, 0.986013986013986, 0.905511811023622, 0.9140625, 
0.914728682170543)), .Names = c("globalReco", "scores"))
