structure(list(globalReco = 0.884728340675477, scores = c(0.921428571428571, 
0.827838827838828, 0.97037037037037, 0.951310861423221, 0.844357976653696, 
0.527472527472527, 0.958174904942966, 0.94661921708185, 0.932624113475177, 
0.964028776978417)), .Names = c("globalReco", "scores"))
