structure(list(c("s1", "s2", "s3", "s4", "s5", "s6"), c("s1", 
"s2", "s3", "s4", "s5", "s6"), c("s1", "s2", "s3", "s4", "s5", 
"s6"), c("s1", "s2", "s3", "s4", "s5", "s6"), c("s1", "s2", "s3", 
"s4", "s5", "s6"), c("s1", "s2", "s3", "s4", "s5", "s6"), c("s1", 
"s2", "s3", "s4", "s5", "s6"), c("s1", "s2", "s3", "s4", "s5", 
"s6"), c("s1", "s2", "s3", "s4", "s5", "s6"), c("s1", "s2", "s3", 
"s4", "s5", "s6"), 1:20, 1:20, 1:20, 1:20, 1:20, 1:20, 1:20, 
    1:20, 1:20, 1:20, structure(c(1, 0, 0, 0, 0, 0), .Names = c("s1", 
    "s2", "s3", "s4", "s5", "s6")), structure(c(1, 0, 0, 0, 0, 
    0), .Names = c("s1", "s2", "s3", "s4", "s5", "s6")), structure(c(1, 
    0, 0, 0, 0, 0), .Names = c("s1", "s2", "s3", "s4", "s5", 
    "s6")), structure(c(1, 0, 0, 0, 0, 0), .Names = c("s1", "s2", 
    "s3", "s4", "s5", "s6")), structure(c(1, 0, 0, 0, 0, 0), .Names = c("s1", 
    "s2", "s3", "s4", "s5", "s6")), structure(c(1, 0, 0, 0, 0, 
    0), .Names = c("s1", "s2", "s3", "s4", "s5", "s6")), structure(c(1, 
    0, 0, 0, 0, 0), .Names = c("s1", "s2", "s3", "s4", "s5", 
    "s6")), structure(c(1, 0, 0, 0, 0, 0), .Names = c("s1", "s2", 
    "s3", "s4", "s5", "s6")), structure(c(1, 0, 0, 0, 0, 0), .Names = c("s1", 
    "s2", "s3", "s4", "s5", "s6")), structure(c(1, 0, 0, 0, 0, 
    0), .Names = c("s1", "s2", "s3", "s4", "s5", "s6")), structure(c(0.747086224714043, 
    0, 0, 0, 0, 0, 0.252913775285957, 0.485330592432939, 0, 0, 
    0, 0, 0, 0.514669407567061, 0.467657649890988, 0, 0, 0, 0, 
    0, 0.532342350109012, 0.728225958970227, 0, 0, 0, 0, 0, 0.271774041029773, 
    0.828443103844378, 0, 0, 0, 0, 0, 0.171556896155622, 1), .Dim = c(6L, 
    6L), .Dimnames = structure(list(from = c("s1", "s2", "s3", 
    "s4", "s5", "s6"), to = c("s1", "s2", "s3", "s4", "s5", "s6"
    )), .Names = c("from", "to"))), structure(c(0.623558468145968, 
    0, 0, 0, 0, 0, 0.376441531854032, 0.567456573035395, 0, 0, 
    0, 0, 0, 0.432543426964605, 0.683028021055083, 0, 0, 0, 0, 
    0, 0.316971978944917, 0.694345675972543, 0, 0, 0, 0, 0, 0.305654324027457, 
    0.907605045956086, 0, 0, 0, 0, 0, 0.0923949540439144, 1), .Dim = c(6L, 
    6L), .Dimnames = structure(list(from = c("s1", "s2", "s3", 
    "s4", "s5", "s6"), to = c("s1", "s2", "s3", "s4", "s5", "s6"
    )), .Names = c("from", "to"))), structure(c(0.637916109090844, 
    0, 0, 0, 0, 0, 0.362083890909156, 0.44940137092803, 0, 0, 
    0, 0, 0, 0.55059862907197, 0.665920358819536, 0, 0, 0, 0, 
    0, 0.334079641180464, 0.785501587000727, 0, 0, 0, 0, 0, 0.214498412999273, 
    0.689721697254984, 0, 0, 0, 0, 0, 0.310278302745016, 1), .Dim = c(6L, 
    6L), .Dimnames = structure(list(from = c("s1", "s2", "s3", 
    "s4", "s5", "s6"), to = c("s1", "s2", "s3", "s4", "s5", "s6"
    )), .Names = c("from", "to"))), structure(c(0.550146238489134, 
    0, 0, 0, 0, 0, 0.449853761510866, 0.627493569524296, 0, 0, 
    0, 0, 0, 0.372506430475704, 0.705559715345428, 0, 0, 0, 0, 
    0, 0.294440284654572, 0.73981449513099, 0, 0, 0, 0, 0, 0.26018550486901, 
    0.833078789255584, 0, 0, 0, 0, 0, 0.166921210744416, 1), .Dim = c(6L, 
    6L), .Dimnames = structure(list(from = c("s1", "s2", "s3", 
    "s4", "s5", "s6"), to = c("s1", "s2", "s3", "s4", "s5", "s6"
    )), .Names = c("from", "to"))), structure(c(0.552787252513491, 
    0, 0, 0, 0, 0, 0.447212747486508, 0.494949887634337, 0, 0, 
    0, 0, 0, 0.505050112365663, 0.670326016135083, 0, 0, 0, 0, 
    0, 0.329673983864917, 0.655516082723582, 0, 0, 0, 0, 0, 0.344483917276418, 
    0.81093322766295, 0, 0, 0, 0, 0, 0.189066772337051, 1), .Dim = c(6L, 
    6L), .Dimnames = structure(list(from = c("s1", "s2", "s3", 
    "s4", "s5", "s6"), to = c("s1", "s2", "s3", "s4", "s5", "s6"
    )), .Names = c("from", "to"))), structure(c(0.830095543937033, 
    0, 0, 0, 0, 0, 0.169904456062967, 0.596962311373572, 0, 0, 
    0, 0, 0, 0.403037688626428, 0.666944927835054, 0, 0, 0, 0, 
    0, 0.333055072164946, 0.544596011500536, 0, 0, 0, 0, 0, 0.455403988499464, 
    0.879186653751173, 0, 0, 0, 0, 0, 0.120813346248827, 1), .Dim = c(6L, 
    6L), .Dimnames = structure(list(from = c("s1", "s2", "s3", 
    "s4", "s5", "s6"), to = c("s1", "s2", "s3", "s4", "s5", "s6"
    )), .Names = c("from", "to"))), structure(c(0.466634084640248, 
    0, 0, 0, 0, 0, 0.533365915359752, 0.608872741192559, 0, 0, 
    0, 0, 0, 0.391127258807441, 0.390498630082358, 0, 0, 0, 0, 
    0, 0.609501369917642, 0.536655068061232, 0, 0, 0, 0, 0, 0.463344931938768, 
    0.821019086094072, 0, 0, 0, 0, 0, 0.178980913905928, 1), .Dim = c(6L, 
    6L), .Dimnames = structure(list(from = c("s1", "s2", "s3", 
    "s4", "s5", "s6"), to = c("s1", "s2", "s3", "s4", "s5", "s6"
    )), .Names = c("from", "to"))), structure(c(0.623978863915907, 
    0, 0, 0, 0, 0, 0.376021136084093, 0.632919750661777, 0, 0, 
    0, 0, 0, 0.367080249338223, 0.729233957447184, 0, 0, 0, 0, 
    0, 0.270766042552816, 0.496702228242878, 0, 0, 0, 0, 0, 0.503297771757123, 
    0.437864899730927, 0, 0, 0, 0, 0, 0.562135100269073, 1), .Dim = c(6L, 
    6L), .Dimnames = structure(list(from = c("s1", "s2", "s3", 
    "s4", "s5", "s6"), to = c("s1", "s2", "s3", "s4", "s5", "s6"
    )), .Names = c("from", "to"))), structure(c(0.817053061173022, 
    0, 0, 0, 0, 0, 0.182946938826978, 0.481447566193736, 0, 0, 
    0, 0, 0, 0.518552433806264, 0.600283770827437, 0, 0, 0, 0, 
    0, 0.399716229172563, 0.466563823330846, 0, 0, 0, 0, 0, 0.533436176669154, 
    0.888545558228889, 0, 0, 0, 0, 0, 0.111454441771111, 1), .Dim = c(6L, 
    6L), .Dimnames = structure(list(from = c("s1", "s2", "s3", 
    "s4", "s5", "s6"), to = c("s1", "s2", "s3", "s4", "s5", "s6"
    )), .Names = c("from", "to"))), structure(c(0.73287677252728, 
    0, 0, 0, 0, 0, 0.26712322747272, 0.58908379756053, 0, 0, 
    0, 0, 0, 0.41091620243947, 0.605784291288342, 0, 0, 0, 0, 
    0, 0.394215708711658, 0.60305630832717, 0, 0, 0, 0, 0, 0.39694369167283, 
    0.886100378476455, 0, 0, 0, 0, 0, 0.113899621523545, 1), .Dim = c(6L, 
    6L), .Dimnames = structure(list(from = c("s1", "s2", "s3", 
    "s4", "s5", "s6"), to = c("s1", "s2", "s3", "s4", "s5", "s6"
    )),