structure(list(globalReco = 0.843612334801762, scores = c(0.945736434108527, 
0.757352941176471, 0.753623188405797, 0.909722222222222, 0.834437086092715, 
0.613138686131387, 0.916083916083916, 0.850393700787402, 0.953125, 
0.914728682170543)), .Names = c("globalReco", "scores"))
