structure(list(globalReco = 0.886196769456681, scores = c(0.922480620155039, 
0.794117647058823, 0.891304347826087, 0.930555555555556, 0.887417218543046, 
0.642335766423358, 0.979020979020979, 0.94488188976378, 0.9453125, 
0.930232558139535)), .Names = c("globalReco", "scores"))
