structure(list(c("s1", "s2", "s3"), c("s1", "s2", "s3"), c("s1", 
"s2", "s3"), c("s1", "s2", "s3"), c("s1", "s2", "s3"), c("s1", 
"s2", "s3"), c("s1", "s2", "s3"), c("s1", "s2", "s3"), c("s1", 
"s2", "s3"), c("s1", "s2", "s3"), 1:15, 1:15, 1:15, 1:15, 1:15, 
    1:15, 1:15, 1:15, 1:15, 1:15, structure(c(1, 0, 0), .Names = c("s1", 
    "s2", "s3")), structure(c(1, 0, 0), .Names = c("s1", "s2", 
    "s3")), structure(c(1, 0, 0), .Names = c("s1", "s2", "s3"
    )), structure(c(1, 0, 0), .Names = c("s1", "s2", "s3")), 
    structure(c(1, 0, 0), .Names = c("s1", "s2", "s3")), structure(c(1, 
    0, 0), .Names = c("s1", "s2", "s3")), structure(c(1, 0, 0
    ), .Names = c("s1", "s2", "s3")), structure(c(1, 0, 0), .Names = c("s1", 
    "s2", "s3")), structure(c(1, 0, 0), .Names = c("s1", "s2", 
    "s3")), structure(c(1, 0, 0), .Names = c("s1", "s2", "s3"
    )), structure(c(0.819802397075262, 0, 0, 0.180197602924738, 
    0.843000522554693, 0, 0, 0.156999477445307, 1), .Dim = c(3L, 
    3L), .Dimnames = structure(list(from = c("s1", "s2", "s3"
    ), to = c("s1", "s2", "s3")), .Names = c("from", "to"))), 
    structure(c(0.771953951921376, 0, 0, 0.228046048078624, 0.896641928555115, 
    0, 0, 0.103358071444884, 1), .Dim = c(3L, 3L), .Dimnames = structure(list(
        from = c("s1", "s2", "s3"), to = c("s1", "s2", "s3")), .Names = c("from", 
    "to"))), structure(c(0.798830703980198, 0, 0, 0.201169296019802, 
    0.896545986905431, 0, 0, 0.103454013094569, 1), .Dim = c(3L, 
    3L), .Dimnames = structure(list(from = c("s1", "s2", "s3"
    ), to = c("s1", "s2", "s3")), .Names = c("from", "to"))), 
    structure(c(0.865906974618866, 0, 0, 0.134093025381134, 0.890296272993032, 
    0, 0, 0.109703727006968, 1), .Dim = c(3L, 3L), .Dimnames = structure(list(
        from = c("s1", "s2", "s3"), to = c("s1", "s2", "s3")), .Names = c("from", 
    "to"))), structure(c(0.752878816282076, 0, 0, 0.247121183717924, 
    0.8789464987641, 0, 0, 0.121053501235899, 1), .Dim = c(3L, 
    3L), .Dimnames = structure(list(from = c("s1", "s2", "s3"
    ), to = c("s1", "s2", "s3")), .Names = c("from", "to"))), 
    structure(c(0.871515265822059, 0, 0, 0.128484734177942, 0.829976243340377, 
    0, 0, 0.170023756659623, 1), .Dim = c(3L, 3L), .Dimnames = structure(list(
        from = c("s1", "s2", "s3"), to = c("s1", "s2", "s3")), .Names = c("from", 
    "to"))), structure(c(0.80692424955784, 0, 0, 0.19307575044216, 
    0.81652983006369, 0, 0, 0.18347016993631, 1), .Dim = c(3L, 
    3L), .Dimnames = structure(list(from = c("s1", "s2", "s3"
    ), to = c("s1", "s2", "s3")), .Names = c("from", "to"))), 
    structure(c(0.725134859940118, 0, 0, 0.274865140059882, 0.865066455357521, 
    0, 0, 0.134933544642479, 1), .Dim = c(3L, 3L), .Dimnames = structure(list(
        from = c("s1", "s2", "s3"), to = c("s1", "s2", "s3")), .Names = c("from", 
    "to"))), structure(c(0.858984399819608, 0, 0, 0.141015600180392, 
    0.725376849641683, 0, 0, 0.274623150358317, 1), .Dim = c(3L, 
    3L), .Dimnames = structure(list(from = c("s1", "s2", "s3"
    ), to = c("s1", "s2", "s3")), .Names = c("from", "to"))), 
    structure(c(0.929699337107014, 0, 0, 0.0703006628929858, 
    0.847635434732679, 0, 0, 0.152364565267321, 1), .Dim = c(3L, 
    3L), .Dimnames = structure(list(from = c("s1", "s2", "s3"
    ), to = c("s1", "s2", "s3")), .Names = c("from", "to"))), 
    structure(c(0.000645609000659532, 0.414650164223703, 0.00463998642623318, 
    0.00151795712435461, 0.00474442404849215, 0.185707034842623, 
    0, 1.96910327437583e-130, 0.063404842094497, 0.00328460023938092, 
    0.303186029925394, 0.0087266565692579, 0, 1.69118705458641e-51, 
    0.00908605213815229, 0.000643562867588345, 0, 0.122661703865055, 
    0.0228406089514679, 0.272746865623782, 0.0172002868953493, 
    0.00225589819855578, 0.00128774354310511, 0.00438462315823523, 
    0.00128712573517669, 2.1577407734074e-166, 0.110612808638374, 
    0.344306134159642, 5.11333730958629e-24, 0.0367392542977846, 
    0.0559899694801867, 6.0272374711272e-61, 0.027060633541888, 
    0.0160890716897087, 7.67903269270086e-45, 0.116143449070293, 
    0.192425297408913, 3.83125622752348e-73, 0.0296284308852803, 
    0.321781433704463, 4.69571799487105e-11, 0.14103133102492, 
    0.0369327314399034, 0.00338477258856613, 0.122972906552058
    ), .Dim = c(3L, 15L), .Dimnames = structure(list(states = c("s1", 
    "s2", "s3"), symbols = c("1", "2", "3", "4", "5", "6", "7", 
    "8", "9", "10", "11", "12", "13", "14", "15")), .Names = c("states", 
    "symbols"))), structure(c(0.284848726720931, 1.9591929274852e-28, 
    0.0158563453493593, 0.0607191836067937, 0.00205077798511336, 
    0.142682914855532, 0, 3.82758810075422e-106, 0.177866830440675, 
    0.345828072399782, 1.26236275973182e-09, 0.00114900990682137, 
    0.00142149882703766, 0.219706833590961, 0.0117166750489986, 
    0, 1.67610882835533e-64, 0.113522240617175, 0.21217471139916, 
    2.95316949189545e-34, 0.000459604213024996, 0.00624426251903784, 
    0.285640285401458, 0.00323153263548305, 0, 2.50163818896057e-11, 
    0.136042847040216, 0.0417666754722757, 8.14953303923762e-32, 
    0, 0.0075213898542753, 0.263379750948993, 0.0012248860786067, 
    0, 0.0101275776869561, 0.1751666550331, 0.00334133403778205, 
    3.08748650459539e-48, 0, 0.0344634777331827, 0.171197097127498, 
    0.00104776444382963, 0.00167066742974114, 0.0478976759716422, 
    0.220032694337178), .Dim = c(3L, 15L), .Dimnames = structure(list(
        states = c("s1", "s2", "s3"), symbols = c("1", "2", "3", 
        "4", "5", "6", "7", "8", "9", "10", "11", "12", "13", 
        "14", "15")), .Names = c("states", "symbols"))), structure(c(0, 
    0, 0.225651372308124, 0, 0, 0.275796121709932, 0, 0, 0.177435267114083, 
    0.000745068266497843, 2.63340757823777e-98, 0.134522934526875, 
    0, 8.96973920138834e-113, 0.114272169309884, 0, 0, 0.0339923541618013, 
    0.0483767149386858, 0.00541423080120229, 0.027227799014814, 
    0.0405896613641461, 0.233333854892347, 0.00133917123171444, 
    0.00298028818074956, 0.0135462890246707, 0.0064238662326418, 
    0.259772041858582, 0.0028839732284947, 0.000920780223112341, 
    0.134760287140234, 0.237608817807727, 0.00024263226603765, 
    0.0128923493532099, 0.0466203670320849, 0.000729047513048283, 
    0.450768237377705, 9.86374678206007e-65, 0.000482161051940445, 
    0.0418635712704705, 0.404165201540412, 0.000482161208997816, 
    0.00725178024971934, 0.0564272656730618, 0.000482162126993685
    ), .Dim = c(3L, 15L), .Dimnames = structure(list(states = c("s1", 
    "s2", "s3"), symbols = c("1", "2", "3", "4", "5", "6", "7", 
    "8", "9", "10", "11", "12", "13", "14", "15")), .Names = c("states", 
    "symbols"))), structure(c(0, 0, 0.145884942501202, 0.000502890350722699, 
    0.000411335762615078, 0.327194416212282, 0, 0, 0.17349987425573, 
    0, 0, 0.00836816113773628, 0, 0, 0.0429565605070457, 0, 0, 
    0.184936361143969, 0, 0.0554442183114507, 0.00141095852135933, 
    0, 0.43472376389262, 0.0117034705743464, 0, 0.009463964984982, 
    0.100966421216374, 0.0260783602052396, 0.0111240163808932, 
    0, 0.0125768655130622, 0.335241375633932, 0.000847324293223648, 
    4.39749814410478e-188, 0.0661509365098196, 2.91768797188695e-71, 
    0.300830420237078, 0, 0.00139469352295607, 0.631794104604742, 
    3.56170444859902e-25, 0.000836816113774727, 0.028217359089156, 
    0.0874403885236871, 0), .Dim = c(3L, 15L), .Dimnames = structure(list(
        states = c("s1", "s2", "s3"), symbols = c("1", "2", "3", 
        "4", "5", "6", "7", "8", "9", "10", "11", "12", "13", 
        "14", "15")),