structure(list(globalReco = 0.899045521292217, scores = c(0.946428571428571, 
0.842490842490842, 0.962962962962963, 0.936329588014981, 0.875486381322957, 
0.578754578754579, 0.958174904942966, 0.9644128113879, 0.950354609929078, 
0.971223021582734)), .Names = c("globalReco", "scores"))
