structure(list(globalReco = 0.874449339207048, scores = c(0.937984496124031, 
0.75, 0.847826086956522, 0.909722222222222, 0.80794701986755, 
0.788321167883212, 0.972027972027972, 0.921259842519685, 0.9140625, 
0.906976744186046)), .Names = c("globalReco", "scores"))
