structure(list(c("s1", "s2", "s3", "s4", "s5", "s6", "s7"), c("s1", 
"s2", "s3", "s4", "s5", "s6", "s7"), c("s1", "s2", "s3", "s4", 
"s5", "s6", "s7"), c("s1", "s2", "s3", "s4", "s5", "s6", "s7"
), c("s1", "s2", "s3", "s4", "s5", "s6", "s7"), c("s1", "s2", 
"s3", "s4", "s5", "s6", "s7"), c("s1", "s2", "s3", "s4", "s5", 
"s6", "s7"), c("s1", "s2", "s3", "s4", "s5", "s6", "s7"), c("s1", 
"s2", "s3", "s4", "s5", "s6", "s7"), c("s1", "s2", "s3", "s4", 
"s5", "s6", "s7"), 1:20, 1:20, 1:20, 1:20, 1:20, 1:20, 1:20, 
    1:20, 1:20, 1:20, structure(c(1, 0, 0, 0, 0, 0, 0), .Names = c("s1", 
    "s2", "s3", "s4", "s5", "s6", "s7")), structure(c(1, 0, 0, 
    0, 0, 0, 0), .Names = c("s1", "s2", "s3", "s4", "s5", "s6", 
    "s7")), structure(c(1, 0, 0, 0, 0, 0, 0), .Names = c("s1", 
    "s2", "s3", "s4", "s5", "s6", "s7")), structure(c(1, 0, 0, 
    0, 0, 0, 0), .Names = c("s1", "s2", "s3", "s4", "s5", "s6", 
    "s7")), structure(c(1, 0, 0, 0, 0, 0, 0), .Names = c("s1", 
    "s2", "s3", "s4", "s5", "s6", "s7")), structure(c(1, 0, 0, 
    0, 0, 0, 0), .Names = c("s1", "s2", "s3", "s4", "s5", "s6", 
    "s7")), structure(c(1, 0, 0, 0, 0, 0, 0), .Names = c("s1", 
    "s2", "s3", "s4", "s5", "s6", "s7")), structure(c(1, 0, 0, 
    0, 0, 0, 0), .Names = c("s1", "s2", "s3", "s4", "s5", "s6", 
    "s7")), structure(c(1, 0, 0, 0, 0, 0, 0), .Names = c("s1", 
    "s2", "s3", "s4", "s5", "s6", "s7")), structure(c(1, 0, 0, 
    0, 0, 0, 0), .Names = c("s1", "s2", "s3", "s4", "s5", "s6", 
    "s7")), structure(c(0.866777655749223, 0, 0, 0, 0, 0, 0, 
    0.133222344250777, 0.838362253843417, 0, 0, 0, 0, 0, 0, 0.161637746156583, 
    0.72166546951414, 0, 0, 0, 0, 0, 0, 0.27833453048586, 0.725410788254725, 
    0, 0, 0, 0, 0, 0, 0.274589211745275, 0.701879672602789, 0, 
    0, 0, 0, 0, 0, 0.298120327397211, 0.685496696098777, 0, 0, 
    0, 0, 0, 0, 0.314503303901223, 1), .Dim = c(7L, 7L), .Dimnames = structure(list(
        from = c("s1", "s2", "s3", "s4", "s5", "s6", "s7"), to = c("s1", 
        "s2", "s3", "s4", "s5", "s6", "s7")), .Names = c("from", 
    "to"))), structure(c(0.871981611915108, 0, 0, 0, 0, 0, 0, 
    0.128018388084892, 0.833594894083618, 0, 0, 0, 0, 0, 0, 0.166405105916382, 
    0.832650808495822, 0, 0, 0, 0, 0, 0, 0.167349191504178, 0.583184016750144, 
    0, 0, 0, 0, 0, 0, 0.416815983249856, 0.546676532617298, 0, 
    0, 0, 0, 0, 0, 0.453323467382702, 0.809787967850945, 0, 0, 
    0, 0, 0, 0, 0.190212032149055, 1), .Dim = c(7L, 7L), .Dimnames = structure(list(
        from = c("s1", "s2", "s3", "s4", "s5", "s6", "s7"), to = c("s1", 
        "s2", "s3", "s4", "s5", "s6", "s7")), .Names = c("from", 
    "to"))), structure(c(0.875824634933175, 0, 0, 0, 0, 0, 0, 
    0.124175365066825, 0.854310870911241, 0, 0, 0, 0, 0, 0, 0.145689129088759, 
    0.694926259815101, 0, 0, 0, 0, 0, 0, 0.305073740184899, 0.744183507323654, 
    0, 0, 0, 0, 0, 0, 0.255816492676346, 0.613435168541773, 0, 
    0, 0, 0, 0, 0, 0.386564831458227, 0.675219599347185, 0, 0, 
    0, 0, 0, 0, 0.324780400652815, 1), .Dim = c(7L, 7L), .Dimnames = structure(list(
        from = c("s1", "s2", "s3", "s4", "s5", "s6", "s7"), to = c("s1", 
        "s2", "s3", "s4", "s5", "s6", "s7")), .Names = c("from", 
    "to"))), structure(c(0.873519798475301, 0, 0, 0, 0, 0, 0, 
    0.126480201524699, 0.769369651767286, 0, 0, 0, 0, 0, 0, 0.230630348232714, 
    0.817995146806921, 0, 0, 0, 0, 0, 0, 0.182004853193079, 0.713865349116171, 
    0, 0, 0, 0, 0, 0, 0.286134650883829, 0.77795531990103, 0, 
    0, 0, 0, 0, 0, 0.22204468009897, 0.802052866526838, 0, 0, 
    0, 0, 0, 0, 0.197947133473162, 1), .Dim = c(7L, 7L), .Dimnames = structure(list(
        from = c("s1", "s2", "s3", "s4", "s5", "s6", "s7"), to = c("s1", 
        "s2", "s3", "s4", "s5", "s6", "s7")), .Names = c("from", 
    "to"))), structure(c(0.854668386825322, 0, 0, 0, 0, 0, 0, 
    0.145331613174678, 0.737025583255804, 0, 0, 0, 0, 0, 0, 0.262974416744196, 
    0.795271359512147, 0, 0, 0, 0, 0, 0, 0.204728640487853, 0.875151312957232, 
    0, 0, 0, 0, 0, 0, 0.124848687042768, 0.595192561835885, 0, 
    0, 0, 0, 0, 0, 0.404807438164115, 0.91481561310198, 0, 0, 
    0, 0, 0, 0, 0.08518438689802, 1), .Dim = c(7L, 7L), .Dimnames = structure(list(
        from = c("s1", "s2", "s3", "s4", "s5", "s6", "s7"), to = c("s1", 
        "s2", "s3", "s4", "s5", "s6", "s7")), .Names = c("from", 
    "to"))), structure(c(0.862761975867208, 0, 0, 0, 0, 0, 0, 
    0.137238024132792, 0.826424519517571, 0, 0, 0, 0, 0, 0, 0.173575480482429, 
    0.801538678214125, 0, 0, 0, 0, 0, 0, 0.198461321785875, 0.88144845890392, 
    0, 0, 0, 0, 0, 0, 0.11855154109608, 0.791502981108734, 0, 
    0, 0, 0, 0, 0, 0.208497018891266, 0.750177793224423, 0, 0, 
    0, 0, 0, 0, 0.249822206775577, 1), .Dim = c(7L, 7L), .Dimnames = structure(list(
        from = c("s1", "s2", "s3", "s4", "s5", "s6", "s7"), to = c("s1", 
        "s2", "s3", "s4", "s5", "s6", "s7")), .Names = c("from", 
    "to"))), structure(c(0.820714948294043, 0, 0, 0, 0, 0, 0, 
    0.179285051705957, 0.842469968961406, 0, 0, 0, 0, 0, 0, 0.157530031038594, 
    0.864052423221206, 0, 0, 0, 0, 0, 0, 0.135947576778794, 0.69955185344073, 
    0, 0, 0, 0, 0, 0, 0.30044814655927, 0.73913952951072, 0, 
    0, 0, 0, 0, 0, 0.260860470489279, 0.791357780570426, 0, 0, 
    0, 0, 0, 0, 0.208642219429574, 1), .Dim = c(7L, 7L), .Dimnames = structure(list(
        from = c("s1", "s2", "s3", "s4", "s5", "s6", "s7"), to = c("s1", 
        "s2", "s3", "s4", "s5", "s6", "s7")), .Names = c("from", 
    "to"))), structure(c(0.814926792556204, 0, 0, 0, 0, 0, 0, 
    0.185073207443796, 0.823626981112601, 0, 0, 0, 0, 0, 0, 0.176373018887398, 
    0.821429820108139, 0, 0, 0, 0, 0, 0, 0.178570179891861, 0.781873177721964, 
    0, 0, 0, 0, 0, 0, 0.218126822278036, 0.677783251958612, 0, 
    0, 0, 0, 0, 0, 0.322216748041388, 0.772490720535343, 0, 0, 
    0, 0, 0, 0, 0.227509279464657, 1), .Dim = c(7L, 7L), .Dimnames = structure(list(
        from = c("s1", "s2", "s3", "s4", "s5", "s6", "s7"), to = c("s1", 
        "s2", "s3", "s4", "s5", "s6", "s7")), .Names = c("from", 
    "to"))), structure(c(0.866084554748628, 0, 0, 0, 0, 0, 0, 
    0.133915445251372, 0.77324448530834, 0, 0, 0, 0, 0, 0, 0.22675551469166, 
    0.860232379712267, 0, 0, 0, 0, 0, 0, 0.139767620287733, 0.79625261721138, 
    0, 0, 0, 0, 0, 0, 0.20374738278862, 0.658977562960051, 0, 
    0, 0, 0, 0, 0, 0.341022437039949, 0.773908132650401, 0, 0, 
    0, 0, 0, 0, 0.226091867349599, 1), .Dim = c(7L, 7L), .Dimnames = structure(list(
        from = c("s1", "s2", "s3", "s4", "s5", "s6", "s7"), to = c("s1", 
        "s2", "s3", "s4", "s5", "s6", "s7")), .Names = c("from", 
    "to"))), structure(c(0.909704602898388, 0, 0, 0, 0, 0, 0, 
    0.0902953971016122, 0.832206659008495, 0, 0, 0, 0, 0, 0, 
    0.167793340991505, 0.67042825569927, 0, 0, 0, 0, 0, 0, 0.32957174430073, 
    0.552226882516687, 0, 0, 0, 0, 0, 0, 0.447773117483312, 0.432616525688182, 
    0, 0, 0, 0, 0, 0, 0.567383474311818, 0.660546311932461, 0, 
    0, 0, 0, 0, 0, 0.339453688067539, 1), .Dim = c(7L, 7L), .Dimnames = structure(list(
        from = c("s1", "s2", "s3", "s4", "s5", "s6", "s7"), to = c("s1", 
        "s2", "s3", "s4", "s5", "s6", "s7")),