structure(list(c("s1", "s2", "s3", "s4", "s5", "s6"), c("s1", 
"s2", "s3", "s4", "s5", "s6"), c("s1", "s2", "s3", "s4", "s5", 
"s6"), c("s1", "s2", "s3", "s4", "s5", "s6"), c("s1", "s2", "s3", 
"s4", "s5", "s6"), c("s1", "s2", "s3", "s4", "s5", "s6"), c("s1", 
"s2", "s3", "s4", "s5", "s6"), c("s1", "s2", "s3", "s4", "s5", 
"s6"), c("s1", "s2", "s3", "s4", "s5", "s6"), c("s1", "s2", "s3", 
"s4", "s5", "s6"), 1:20, 1:20, 1:20, 1:20, 1:20, 1:20, 1:20, 
    1:20, 1:20, 1:20, structure(c(1, 0, 0, 0, 0, 0), .Names = c("s1", 
    "s2", "s3", "s4", "s5", "s6")), structure(c(1, 0, 0, 0, 0, 
    0), .Names = c("s1", "s2", "s3", "s4", "s5", "s6")), structure(c(1, 
    0, 0, 0, 0, 0), .Names = c("s1", "s2", "s3", "s4", "s5", 
    "s6")), structure(c(1, 0, 0, 0, 0, 0), .Names = c("s1", "s2", 
    "s3", "s4", "s5", "s6")), structure(c(1, 0, 0, 0, 0, 0), .Names = c("s1", 
    "s2", "s3", "s4", "s5", "s6")), structure(c(1, 0, 0, 0, 0, 
    0), .Names = c("s1", "s2", "s3", "s4", "s5", "s6")), structure(c(1, 
    0, 0, 0, 0, 0), .Names = c("s1", "s2", "s3", "s4", "s5", 
    "s6")), structure(c(1, 0, 0, 0, 0, 0), .Names = c("s1", "s2", 
    "s3", "s4", "s5", "s6")), structure(c(1, 0, 0, 0, 0, 0), .Names = c("s1", 
    "s2", "s3", "s4", "s5", "s6")), structure(c(1, 0, 0, 0, 0, 
    0), .Names = c("s1", "s2", "s3", "s4", "s5", "s6")), structure(c(0.866774277619066, 
    0, 0, 0, 0, 0, 0.133225722380934, 0.837518852257271, 0, 0, 
    0, 0, 0, 0.162481147742729, 0.725679047834802, 0, 0, 0, 0, 
    0, 0.274320952165198, 0.725961703282356, 0, 0, 0, 0, 0, 0.274038296717644, 
    0.861180475173911, 0, 0, 0, 0, 0, 0.138819524826089, 1), .Dim = c(6L, 
    6L), .Dimnames = structure(list(from = c("s1", "s2", "s3", 
    "s4", "s5", "s6"), to = c("s1", "s2", "s3", "s4", "s5", "s6"
    )), .Names = c("from", "to"))), structure(c(0.884827860649279, 
    0, 0, 0, 0, 0, 0.115172139350721, 0.855762558166078, 0, 0, 
    0, 0, 0, 0.144237441833922, 0.840382282230526, 0, 0, 0, 0, 
    0, 0.159617717769473, 0.613176677868713, 0, 0, 0, 0, 0, 0.386823322131287, 
    0.671498125977027, 0, 0, 0, 0, 0, 0.328501874022973, 1), .Dim = c(6L, 
    6L), .Dimnames = structure(list(from = c("s1", "s2", "s3", 
    "s4", "s5", "s6"), to = c("s1", "s2", "s3", "s4", "s5", "s6"
    )), .Names = c("from", "to"))), structure(c(0.875825578300559, 
    0, 0, 0, 0, 0, 0.124174421699441, 0.854322647909615, 0, 0, 
    0, 0, 0, 0.145677352090385, 0.69530986786997, 0, 0, 0, 0, 
    0, 0.30469013213003, 0.743474672847606, 0, 0, 0, 0, 0, 0.256525327152395, 
    0.612718885847411, 0, 0, 0, 0, 0, 0.387281114152589, 1), .Dim = c(6L, 
    6L), .Dimnames = structure(list(from = c("s1", "s2", "s3", 
    "s4", "s5", "s6"), to = c("s1", "s2", "s3", "s4", "s5", "s6"
    )), .Names = c("from", "to"))), structure(c(0.873524297020476, 
    0, 0, 0, 0, 0, 0.126475702979524, 0.770086243892636, 0, 0, 
    0, 0, 0, 0.229913756107364, 0.834676536436909, 0, 0, 0, 0, 
    0, 0.165323463563091, 0.753083802862744, 0, 0, 0, 0, 0, 0.246916197137256, 
    0.695270862946791, 0, 0, 0, 0, 0, 0.304729137053209, 1), .Dim = c(6L, 
    6L), .Dimnames = structure(list(from = c("s1", "s2", "s3", 
    "s4", "s5", "s6"), to = c("s1", "s2", "s3", "s4", "s5", "s6"
    )), .Names = c("from", "to"))), structure(c(0.854669001755889, 
    0, 0, 0, 0, 0, 0.145330998244111, 0.737074826898665, 0, 0, 
    0, 0, 0, 0.262925173101335, 0.795302232706349, 0, 0, 0, 0, 
    0, 0.204697767293651, 0.87960877358619, 0, 0, 0, 0, 0, 0.12039122641381, 
    0.611094818400516, 0, 0, 0, 0, 0, 0.388905181599484, 1), .Dim = c(6L, 
    6L), .Dimnames = structure(list(from = c("s1", "s2", "s3", 
    "s4", "s5", "s6"), to = c("s1", "s2", "s3", "s4", "s5", "s6"
    )), .Names = c("from", "to"))), structure(c(0.86259633603198, 
    0, 0, 0, 0, 0, 0.137403663968019, 0.825553413497201, 0, 0, 
    0, 0, 0, 0.174446586502799, 0.801027124924018, 0, 0, 0, 0, 
    0, 0.198972875075982, 0.907151726966265, 0, 0, 0, 0, 0, 0.0928482730337353, 
    0.792575905104518, 0, 0, 0, 0, 0, 0.207424094895482, 1), .Dim = c(6L, 
    6L), .Dimnames = structure(list(from = c("s1", "s2", "s3", 
    "s4", "s5", "s6"), to = c("s1", "s2", "s3", "s4", "s5", "s6"
    )), .Names = c("from", "to"))), structure(c(0.820715188377663, 
    0, 0, 0, 0, 0, 0.179284811622337, 0.842482113344895, 0, 0, 
    0, 0, 0, 0.157517886655105, 0.864158992057697, 0, 0, 0, 0, 
    0, 0.135841007942303, 0.73193881963508, 0, 0, 0, 0, 0, 0.26806118036492, 
    0.755678921190555, 0, 0, 0, 0, 0, 0.244321078809445, 1), .Dim = c(6L, 
    6L), .Dimnames = structure(list(from = c("s1", "s2", "s3", 
    "s4", "s5", "s6"), to = c("s1", "s2", "s3", "s4", "s5", "s6"
    )), .Names = c("from", "to"))), structure(c(0.814927806497246, 
    0, 0, 0, 0, 0, 0.185072193502754, 0.82362685352898, 0, 0, 
    0, 0, 0, 0.17637314647102, 0.811078174011175, 0, 0, 0, 0, 
    0, 0.188921825988825, 0.791804152958162, 0, 0, 0, 0, 0, 0.208195847041839, 
    0.823745088762232, 0, 0, 0, 0, 0, 0.176254911237768, 1), .Dim = c(6L, 
    6L), .Dimnames = structure(list(from = c("s1", "s2", "s3", 
    "s4", "s5", "s6"), to = c("s1", "s2", "s3", "s4", "s5", "s6"
    )), .Names = c("from", "to"))), structure(c(0.86547209558082, 
    0, 0, 0, 0, 0, 0.13452790441918, 0.736189045015515, 0, 0, 
    0, 0, 0, 0.263810954984485, 0.886144996813952, 0, 0, 0, 0, 
    0, 0.113855003186048, 0.740032863678994, 0, 0, 0, 0, 0, 0.259967136321006, 
    0.656280224219466, 0, 0, 0, 0, 0, 0.343719775780534, 1), .Dim = c(6L, 
    6L), .Dimnames = structure(list(from = c("s1", "s2", "s3", 
    "s4", "s5", "s6"), to = c("s1", "s2", "s3", "s4", "s5", "s6"
    )), .Names = c("from", "to"))), structure(c(0.91043735207257, 
    0, 0, 0, 0, 0, 0.0895626479274297, 0.844820266723601, 0, 
    0, 0, 0, 0, 0.155179733276399, 0.682936157652351, 0, 0, 0, 
    0, 0, 0.317063842347649, 0.520945110195286, 0, 0, 0, 0, 0, 
    0.479054889804714, 0.76467352892391, 0, 0, 0, 0, 0, 0.23532647107609, 
    1), .Dim = c(6L, 6L), .Dimnames = structure(list(from = c("s1", 
    "s2", "s3", "s4", "s5", "s6"), to = c("s1", "s2", "s3", "s4", 
    "s5", "s6")),