structure(list(c("s1", "s2", "s3"), c("s1", "s2", "s3"), c("s1", 
"s2", "s3"), c("s1", "s2", "s3"), c("s1", "s2", "s3"), c("s1", 
"s2", "s3"), c("s1", "s2", "s3"), c("s1", "s2", "s3"), c("s1", 
"s2", "s3"), c("s1", "s2", "s3"), 1:20, 1:20, 1:20, 1:20, 1:20, 
    1:20, 1:20, 1:20, 1:20, 1:20, structure(c(1, 0, 0), .Names = c("s1", 
    "s2", "s3")), structure(c(1, 0, 0), .Names = c("s1", "s2", 
    "s3")), structure(c(1, 0, 0), .Names = c("s1", "s2", "s3"
    )), structure(c(1, 0, 0), .Names = c("s1", "s2", "s3")), 
    structure(c(1, 0, 0), .Names = c("s1", "s2", "s3")), structure(c(1, 
    0, 0), .Names = c("s1", "s2", "s3")), structure(c(1, 0, 0
    ), .Names = c("s1", "s2", "s3")), structure(c(1, 0, 0), .Names = c("s1", 
    "s2", "s3")), structure(c(1, 0, 0), .Names = c("s1", "s2", 
    "s3")), structure(c(1, 0, 0), .Names = c("s1", "s2", "s3"
    )), structure(c(0.825539897603608, 0, 0, 0.174460102396392, 
    0.870962462794118, 0, 0, 0.129037537205882, 1), .Dim = c(3L, 
    3L), .Dimnames = structure(list(from = c("s1", "s2", "s3"
    ), to = c("s1", "s2", "s3")), .Names = c("from", "to"))), 
    structure(c(0.655308781402537, 0, 0, 0.344691218597463, 0.837836929554799, 
    0, 0, 0.1621630704452, 1), .Dim = c(3L, 3L), .Dimnames = structure(list(
        from = c("s1", "s2", "s3"), to = c("s1", "s2", "s3")), .Names = c("from", 
    "to"))), structure(c(0.76794289734447, 0, 0, 0.23205710265553, 
    0.890283493576481, 0, 0, 0.109716506423519, 1), .Dim = c(3L, 
    3L), .Dimnames = structure(list(from = c("s1", "s2", "s3"
    ), to = c("s1", "s2", "s3")), .Names = c("from", "to"))), 
    structure(c(0.821252161773089, 0, 0, 0.178747838226911, 0.913948535549054, 
    0, 0, 0.0860514644509457, 1), .Dim = c(3L, 3L), .Dimnames = structure(list(
        from = c("s1", "s2", "s3"), to = c("s1", "s2", "s3")), .Names = c("from", 
    "to"))), structure(c(0.782293693639438, 0, 0, 0.217706306360562, 
    0.890947510789184, 0, 0, 0.109052489210816, 1), .Dim = c(3L, 
    3L), .Dimnames = structure(list(from = c("s1", "s2", "s3"
    ), to = c("s1", "s2", "s3")), .Names = c("from", "to"))), 
    structure(c(0.836174319263537, 0, 0, 0.163825680736463, 0.853530508615949, 
    0, 0, 0.146469491384051, 1), .Dim = c(3L, 3L), .Dimnames = structure(list(
        from = c("s1", "s2", "s3"), to = c("s1", "s2", "s3")), .Names = c("from", 
    "to"))), structure(c(0.81034609168914, 0, 0, 0.18965390831086, 
    0.815484262626181, 0, 0, 0.184515737373819, 1), .Dim = c(3L, 
    3L), .Dimnames = structure(list(from = c("s1", "s2", "s3"
    ), to = c("s1", "s2", "s3")), .Names = c("from", "to"))), 
    structure(c(0.812744899698462, 0, 0, 0.187255100301539, 0.825251680818687, 
    0, 0, 0.174748319181313, 1), .Dim = c(3L, 3L), .Dimnames = structure(list(
        from = c("s1", "s2", "s3"), to = c("s1", "s2", "s3")), .Names = c("from", 
    "to"))), structure(c(0.860033742527632, 0, 0, 0.139966257472368, 
    0.74494959673932, 0, 0, 0.25505040326068, 1), .Dim = c(3L, 
    3L), .Dimnames = structure(list(from = c("s1", "s2", "s3"
    ), to = c("s1", "s2", "s3")), .Names = c("from", "to"))), 
    structure(c(0.860293228843895, 0, 0, 0.139706771156105, 0.792847178005664, 
    0, 0, 0.207152821994335, 1), .Dim = c(3L, 3L), .Dimnames = structure(list(
        from = c("s1", "s2", "s3"), to = c("s1", "s2", "s3")), .Names = c("from", 
    "to"))), structure(c(0.000626485527118835, 0.223969269264969, 
    0.00259475333797234, 0.000623288373332313, 0.318986710166007, 
    0.00601642906328996, 0.000742252038265477, 0.00306073779366285, 
    0.14705881117034, 0, 0, 0.0276748541322065, 0.00328288211113047, 
    0.23767327945725, 0.00778381591741347, 8.24691576666332e-79, 
    0.0142760021320254, 0.00389660708879828, 0.000623071794272874, 
    1.68431641799412e-153, 0.0341611480694423, 0, 0, 0.106591430368577, 
    0.037739484253988, 0.199237921656169, 0.0162376491782087, 
    0.0211844410052753, 3.24810430844909e-31, 0.0062700841393283, 
    0.00124614358854569, 0, 0.00605387434142016, 0.00124614358854575, 
    1.32365068262251e-124, 0.115888451678615, 0.266051656154498, 
    1.88469684077498e-35, 0.0278910639301142, 0.106545276820652, 
    1.30228394087157e-97, 0.0315666304945484, 0.0230536563880948, 
    3.08466311182088e-26, 0.020539930801247, 0.00747686153127411, 
    7.06912875446126e-70, 0.116969500668154, 0.090968481963833, 
    6.0472422572047e-139, 0.0129725878744718, 0.292220671513958, 
    3.38852968674892e-58, 0.0888622269401317, 0.137646198227396, 
    0.00279607952991733, 0.139242847196549, 0.00872300511981971, 
    3.1995332239578e-61, 0.0817273036091724), .Dim = c(3L, 20L
    ), .Dimnames = structure(list(states = c("s1", "s2", "s3"
    ), symbols = c("1", "2", "3", "4", "5", "6", "7", "8", "9", 
    "10", "11", "12", "13", "14", "15", "16", "17", "18", "19", 
    "20")), .Names = c("states", "symbols"))), structure(c(0.33954815454864, 
    0.00813962665117292, 0.00462362489635546, 1.2643119239269e-39, 
    0.131075077830395, 0.0305892910762017, 0.00254515531991588, 
    0.00132695609675131, 0.107132213888141, 0, 0, 0.0980959301170718, 
    0.353430250784043, 0.00304218753571676, 0.000349350893513834, 
    0.0189772974422838, 0.247066498562052, 0.00203177372624108, 
    0.00126126608664425, 9.52573329979156e-07, 0.0876229626521758, 
    0, 0, 0.0553316901194159, 0.177924808015968, 0.00304463891250877, 
    0, 0.0213618970137622, 0.267108529004026, 0.000751150770729563, 
    2.08603324133095e-82, 0.00329829184139731, 0.113542631496296, 
    0, 0, 0.0619645110170116, 0.0237581378625664, 0.000708994046191597, 
    0, 0.00818805132480081, 0.178234250710931, 0.000184957601842655, 
    1.84989884246498e-206, 0.0250062869183807, 0.118564637899723, 
    0, 0, 0.0877976029339632, 0.00378781558898325, 1.68519771907499e-81, 
    0, 0.0249950673114481, 0.0935966707910808, 1.51479704331067e-161, 
    0.0242220987009445, 0.0383510385260649, 0.105917717612073, 
    0, 0, 0.125499953299244), .Dim = c(3L, 20L), .Dimnames = structure(list(
        states = c("s1", "s2", "s3"), symbols = c("1", "2", "3", 
        "4", "5", "6", "7", "8", "9", "10", "11", "12", "13", 
        "14", "15", "16", "17", "18", "19", "20")), .Names = c("states", 
    "symbols"))), structure(c(0, 0, 0.127803933868548, 0, 0, 
    0.217624181097841, 0, 0, 0.177853026852033, 0, 0, 0.10590745568827, 
    0.000859220557350356, 1.10294777359326e-77, 0.0777549059268733, 
    0, 6.62069198890407e-183, 0.131602302532473, 0, 2.43144847186385e-220, 
    0.0254714133933817, 0, 0, 0.0272588809999345, 0.0328297394756145, 
    0.000703510851420761, 0.0102938284486213, 0.0597728015976593, 
    1.67762914912469e-15, 0.0899216733353021, 0.0193085351947477, 
    0.127813386503466, 6.83390436235462e-13, 0, 0.00345716250617676, 
    0.00524896819213748, 0.19252714598789, 2.29814189175308e-28, 
    0.000668819101040792, 0.212325626239906, 0.0920025158061824, 
    0.000569721111494492, 0.0663659066388516, 0.192118812728849, 
    1.63337873053721e-95, 0.00477004172855384, 0.0172317329644333, 
    0.000680279971435054, 0.293938996697005, 1.70206033912913e-66, 
    0.000223433450819133, 0.0944447155728275, 0.309283893120567, 
    0.00044686979164578, 0.0199050355534288, 0.232777933146806, 
    0.000223435047789816, 0.00295223475616543, 0.0246110523720969, 
    0.000446871189676271), .Dim = c(3L, 20L), .Dimnames = structure(list(
        states = c("s1", "s2", "s3"), symbols = c("1", "2", "3", 
        "4", "5", "6", "7", "8", "9", "10", "11", "12", "13", 
        "14", "15", "16", "17", "18", "19", "20")),