structure(list(c("s1", "s2", "s3"), c("s1", "s2", "s3"), c("s1", 
"s2", "s3"), c("s1", "s2", "s3"), c("s1", "s2", "s3"), c("s1", 
"s2", "s3"), c("s1", "s2", "s3"), c("s1", "s2", "s3"), c("s1", 
"s2", "s3"), c("s1", "s2", "s3"), 1:20, 1:20, 1:20, 1:20, 1:20, 
    1:20, 1:20, 1:20, 1:20, 1:20, structure(c(1, 0, 0), .Names = c("s1", 
    "s2", "s3")), structure(c(1, 0, 0), .Names = c("s1", "s2", 
    "s3")), structure(c(1, 0, 0), .Names = c("s1", "s2", "s3"
    )), structure(c(1, 0, 0), .Names = c("s1", "s2", "s3")), 
    structure(c(1, 0, 0), .Names = c("s1", "s2", "s3")), structure(c(1, 
    0, 0), .Names = c("s1", "s2", "s3")), structure(c(1, 0, 0
    ), .Names = c("s1", "s2", "s3")), structure(c(1, 0, 0), .Names = c("s1", 
    "s2", "s3")), structure(c(1, 0, 0), .Names = c("s1", "s2", 
    "s3")), structure(c(1, 0, 0), .Names = c("s1", "s2", "s3"
    )), structure(c(0.892764397160591, 0, 0, 0.107235602839409, 
    0.896274560766212, 0, 0, 0.103725439233788, 1), .Dim = c(3L, 
    3L), .Dimnames = structure(list(from = c("s1", "s2", "s3"
    ), to = c("s1", "s2", "s3")), .Names = c("from", "to"))), 
    structure(c(0.882263905091429, 0, 0, 0.117736094908571, 0.902351551694217, 
    0, 0, 0.097648448305783, 1), .Dim = c(3L, 3L), .Dimnames = structure(list(
        from = c("s1", "s2", "s3"), to = c("s1", "s2", "s3")), .Names = c("from", 
    "to"))), structure(c(0.918976365688559, 0, 0, 0.0810236343114412, 
    0.842609049732038, 0, 0, 0.157390950267962, 1), .Dim = c(3L, 
    3L), .Dimnames = structure(list(from = c("s1", "s2", "s3"
    ), to = c("s1", "s2", "s3")), .Names = c("from", "to"))), 
    structure(c(0.879434635595352, 0, 0, 0.120565364404648, 0.899704325203374, 
    0, 0, 0.100295674796626, 1), .Dim = c(3L, 3L), .Dimnames = structure(list(
        from = c("s1", "s2", "s3"), to = c("s1", "s2", "s3")), .Names = c("from", 
    "to"))), structure(c(0.856789793308669, 0, 0, 0.143210206691331, 
    0.881586647352902, 0, 0, 0.118413352647098, 1), .Dim = c(3L, 
    3L), .Dimnames = structure(list(from = c("s1", "s2", "s3"
    ), to = c("s1", "s2", "s3")), .Names = c("from", "to"))), 
    structure(c(0.88004076791227, 0, 0, 0.11995923208773, 0.875032730272544, 
    0, 0, 0.124967269727456, 1), .Dim = c(3L, 3L), .Dimnames = structure(list(
        from = c("s1", "s2", "s3"), to = c("s1", "s2", "s3")), .Names = c("from", 
    "to"))), structure(c(0.871627562074447, 0, 0, 0.128372437925553, 
    0.8426728803836, 0, 0, 0.1573271196164, 1), .Dim = c(3L, 
    3L), .Dimnames = structure(list(from = c("s1", "s2", "s3"
    ), to = c("s1", "s2", "s3")), .Names = c("from", "to"))), 
    structure(c(0.81479695918262, 0, 0, 0.18520304081738, 0.82319332583444, 
    0, 0, 0.17680667416556, 1), .Dim = c(3L, 3L), .Dimnames = structure(list(
        from = c("s1", "s2", "s3"), to = c("s1", "s2", "s3")), .Names = c("from", 
    "to"))), structure(c(0.869520421641408, 0, 0, 0.130479578358592, 
    0.943758669801968, 0, 0, 0.0562413301980324, 1), .Dim = c(3L, 
    3L), .Dimnames = structure(list(from = c("s1", "s2", "s3"
    ), to = c("s1", "s2", "s3")), .Names = c("from", "to"))), 
    structure(c(0.916776622223071, 0, 0, 0.0832233777769295, 
    0.875823714516529, 0, 0, 0.124176285483471, 1), .Dim = c(3L, 
    3L), .Dimnames = structure(list(from = c("s1", "s2", "s3"
    ), to = c("s1", "s2", "s3")), .Names = c("from", "to"))), 
    structure(c(0.00153582018880454, 0.181311575878094, 0.0022777377699779, 
    0.00118305713235518, 0.264908044949393, 0.00161653056763216, 
    0.000767123428789149, 0.254166729068284, 0.000645633552515757, 
    0, 0.0471917962891638, 0.000322975735404897, 0.199534817999759, 
    1.15108836673703e-10, 0.0116211804656279, 0.000754819383294503, 
    0.0124250908351398, 0.00438748507980703, 0.000382993663853862, 
    0.0582670239370797, 0.000385938088929484, 1.09664692890215e-135, 
    0.181729738925928, 0.00127212011367643, 0.188811257808915, 
    1.71358440150893e-131, 0.0242107926380985, 0.0130214662535762, 
    1.18132562286132e-61, 0.00936150630726826, 0.000765968786215299, 
    2.9212450169544e-20, 0.00903869573929546, 0.00612774868521369, 
    1.80868390568029e-12, 0.168507116521119, 0.163917278602145, 
    0, 0.041319752720594, 0.0658732988632575, 0, 0.0468075323761327, 
    0.0149363883163671, 0, 0.030021382165697, 0.00919162305290627, 
    0, 0.170766790497782, 0.0559157071948343, 0, 0.0193686340783722, 
    0.180385603300105, 0, 0.132029522341037, 0.0900013096490155, 
    0, 0.205307521127001, 0.00689371769059379, 0, 0.120731152114031
    ), .Dim = c(3L, 20L), .Dimnames = structure(list(states = c("s1", 
    "s2", "s3"), symbols = c("1", "2", "3", "4", "5", "6", "7", 
    "8", "9", "10", "11", "12", "13", "14", "15", "16", "17", 
    "18", "19", "20")), .Names = c("states", "symbols"))), structure(c(0.121111835102157, 
    2.5994252147201e-60, 0.0098384169949922, 0.067841629282883, 
    0.00630786390299795, 0.0703732918415457, 0.00502475680472297, 
    2.35495843006159e-09, 0.193271647503234, 0, 9.70826786805968e-148, 
    0.179102520129856, 0.124102953495328, 0.000726744223567046, 
    1.62266678914339e-85, 0.179177017231481, 0.0093634067055163, 
    0.000549690230964475, 0.000523417753762579, 0.147743094703006, 
    0.030168979354177, 0, 4.04978260223472e-86, 0.101024019361502, 
    0.0635761436673346, 0, 0, 0.195451930000261, 0.0065873837530137, 
    1.65319487480432e-148, 0.00105062401329907, 0.229182482703114, 
    0.00702234653770712, 0, 0.00406601901185333, 0.109563378693484, 
    0.00870906077634728, 0, 0, 0.131742293393161, 0.000892427864283006, 
    0, 0.00496606404252546, 0.257503525524898, 5.57147413413129e-16, 
    0, 0.0275732432084476, 0.136085136586147, 0.0013063591164521, 
    0, 0, 0.0766397348318566, 1.78996843149244e-73, 0, 0.0187761804884284, 
    0.234745254303554, 3.88620644171324e-42, 0, 0.075308551740791, 
    0.16300057276639), .Dim = c(3L, 20L), .Dimnames = structure(list(
        states = c("s1", "s2", "s3"), symbols = c("1", "2", "3", 
        "4", "5", "6", "7", "8", "9", "10", "11", "12", "13", 
        "14", "15", "16", "17", "18", "19", "20")), .Names = c("states", 
    "symbols"))), structure(c(0, 0.0108335286443452, 0.181318924587512, 
    0, 0.00320187756654695, 0.317318067759811, 0, 0.000589283684887089, 
    0.260467230673649, 0, 0.000582929456748202, 0.154971936326669, 
    0.00029244600900826, 0.178576717221505, 0.013656481898417, 
    2.84794122666051e-143, 0.317393518780852, 0.0145863118989169, 
    3.83774378914865e-141, 0.0498361469535371, 0.00934006094378209, 
    0, 7.5717671361529e-50, 0.0399716199421335, 0.0110785021009698, 
    0.0286115945933774, 2.69076770533429e-120, 0.0253411563553944, 
    0.22591670741611, 8.93331515813066e-148, 0.0119695660937112, 
    0.173195965651704, 8.52467452823734e-139, 1.3345450814523e-31, 
    0.00667763738878369, 0.00673118482393688, 0.0677933883918347, 
    0.000634201399321382, 0, 0.142008667336926, 0.00161812683051003, 
    0, 0.165048143960952, 1.32049981374476e-11, 2.50671482919744e-299, 
    0.0144042016548937, 9.16138622229508e-13, 0.000982908687103917, 
    0.102629936792672, 0.000582929448973411, 0, 0.261376227019767, 
    0.0011658890355652, 0, 0.178852162076714, 0.000582945913111668, 
    0, 0.0192056022071565, 0, 0.000655272458067765), .Dim = c(3L, 
    20L), .Dimnames = structure(list(states = c("s1", "s2", "s3"
    ), symbols = c("1", "2", "3", "4", "5", "6", "7", "8", "9", 
    "10", "11", "12", "13", "14", "15", "16", "17", "18", "19", 
    "20")),