structure(list(globalReco = 0.875917767988253, scores = c(0.883720930232558, 
0.816176470588235, 0.898550724637681, 0.909722222222222, 0.880794701986755, 
0.605839416058394, 0.986013986013986, 0.937007874015748, 0.90625, 
0.937984496124031)), .Names = c("globalReco", "scores"))
