structure(list(globalReco = 0.898678414096916, scores = c(0.946428571428571, 
0.853479853479853, 0.966666666666667, 0.951310861423221, 0.883268482490272, 
0.564102564102564, 0.954372623574145, 0.950177935943061, 0.943262411347518, 
0.971223021582734)), .Names = c("globalReco", "scores"))
