structure(list(globalReco = 0.825991189427313, scores = c(0.906976744186046, 
0.772058823529412, 0.789855072463768, 0.902777777777778, 0.80794701986755, 
0.430656934306569, 0.944055944055944, 0.866141732283465, 0.9453125, 
0.906976744186046)), .Names = c("globalReco", "scores"))
