structure(list(globalReco = 0.881791483113069, scores = c(0.922480620155039, 
0.794117647058823, 0.884057971014493, 0.9375, 0.894039735099338, 
0.635036496350365, 0.979020979020979, 0.929133858267717, 0.921875, 
0.922480620155039)), .Names = c("globalReco", "scores"))
