structure(list(globalReco = 0.883259911894273, scores = c(0.975, 
0.831501831501832, 0.951851851851852, 0.958801498127341, 0.836575875486381, 
0.534798534798535, 0.942965779467681, 0.9644128113879, 0.921985815602837, 
0.910071942446043)), .Names = c("globalReco", "scores"))
