structure(list(globalReco = 0.814977973568282, scores = c(0.937984496124031, 
0.764705882352941, 0.739130434782609, 0.888888888888889, 0.688741721854305, 
0.525547445255474, 0.944055944055944, 0.874015748031496, 0.9609375, 
0.852713178294574)), .Names = c("globalReco", "scores"))
