structure(list(globalReco = 0.890234948604993, scores = c(0.921428571428571, 
0.846153846153846, 0.962962962962963, 0.943820224719101, 0.8715953307393, 
0.542124542124542, 0.954372623574145, 0.94661921708185, 0.936170212765957, 
0.974820143884892)), .Names = c("globalReco", "scores"))
