structure(list(globalReco = 0.877019089574156, scores = c(0.764285714285714, 
0.897435897435897, 0.977777777777778, 0.970037453183521, 0.953307392996109, 
0.67032967032967, 0.931558935361217, 0.914590747330961, 0.790780141843972, 
0.913669064748201)), .Names = c("globalReco", "scores"))
