structure(list(globalReco = 0.827826725403818, scores = c(0.864285714285714, 
0.798534798534799, 0.914814814814815, 0.880149812734082, 0.922178988326848, 
0.637362637362637, 0.863117870722434, 0.900355871886121, 0.680851063829787, 
0.827338129496403)), .Names = c("globalReco", "scores"))
