structure(list(c("s1", "s2", "s3", "s4", "s5", "s6"), c("s1", 
"s2", "s3", "s4", "s5", "s6"), c("s1", "s2", "s3", "s4", "s5", 
"s6"), c("s1", "s2", "s3", "s4", "s5", "s6"), c("s1", "s2", "s3", 
"s4", "s5", "s6"), c("s1", "s2", "s3", "s4", "s5", "s6"), c("s1", 
"s2", "s3", "s4", "s5", "s6"), c("s1", "s2", "s3", "s4", "s5", 
"s6"), c("s1", "s2", "s3", "s4", "s5", "s6"), c("s1", "s2", "s3", 
"s4", "s5", "s6"), 1:16, 1:16, 1:16, 1:16, 1:16, 1:16, 1:16, 
    1:16, 1:16, 1:16, structure(c(1, 0, 0, 0, 0, 0), .Names = c("s1", 
    "s2", "s3", "s4", "s5", "s6")), structure(c(1, 0, 0, 0, 0, 
    0), .Names = c("s1", "s2", "s3", "s4", "s5", "s6")), structure(c(1, 
    0, 0, 0, 0, 0), .Names = c("s1", "s2", "s3", "s4", "s5", 
    "s6")), structure(c(1, 0, 0, 0, 0, 0), .Names = c("s1", "s2", 
    "s3", "s4", "s5", "s6")), structure(c(1, 0, 0, 0, 0, 0), .Names = c("s1", 
    "s2", "s3", "s4", "s5", "s6")), structure(c(1, 0, 0, 0, 0, 
    0), .Names = c("s1", "s2", "s3", "s4", "s5", "s6")), structure(c(1, 
    0, 0, 0, 0, 0), .Names = c("s1", "s2", "s3", "s4", "s5", 
    "s6")), structure(c(1, 0, 0, 0, 0, 0), .Names = c("s1", "s2", 
    "s3", "s4", "s5", "s6")), structure(c(1, 0, 0, 0, 0, 0), .Names = c("s1", 
    "s2", "s3", "s4", "s5", "s6")), structure(c(1, 0, 0, 0, 0, 
    0), .Names = c("s1", "s2", "s3", "s4", "s5", "s6")), structure(c(0.615994465119034, 
    0, 0, 0, 0, 0, 0.384005534880966, 0.700664948657386, 0, 0, 
    0, 0, 0, 0.299335051342614, 0.655916829289903, 0, 0, 0, 0, 
    0, 0.344083170710097, 0.761679396065452, 0, 0, 0, 0, 0, 0.238320603934548, 
    0.831197624171956, 0, 0, 0, 0, 0, 0.168802375828044, 1), .Dim = c(6L, 
    6L), .Dimnames = structure(list(from = c("s1", "s2", "s3", 
    "s4", "s5", "s6"), to = c("s1", "s2", "s3", "s4", "s5", "s6"
    )), .Names = c("from", "to"))), structure(c(0.455636482936373, 
    0, 0, 0, 0, 0, 0.544363517063627, 0.516191052821448, 0, 0, 
    0, 0, 0, 0.483808947178552, 0.796125784820372, 0, 0, 0, 0, 
    0, 0.203874215179628, 0.773776741895358, 0, 0, 0, 0, 0, 0.226223258104642, 
    0.948132755063855, 0, 0, 0, 0, 0, 0.0518672449361452, 1), .Dim = c(6L, 
    6L), .Dimnames = structure(list(from = c("s1", "s2", "s3", 
    "s4", "s5", "s6"), to = c("s1", "s2", "s3", "s4", "s5", "s6"
    )), .Names = c("from", "to"))), structure(c(0.694546613115891, 
    0, 0, 0, 0, 0, 0.305453386884109, 0.5884265310811, 0, 0, 
    0, 0, 0, 0.4115734689189, 0.537018086498481, 0, 0, 0, 0, 
    0, 0.462981913501519, 0.629417384278072, 0, 0, 0, 0, 0, 0.370582615721928, 
    0.881866545300995, 0, 0, 0, 0, 0, 0.118133454699005, 1), .Dim = c(6L, 
    6L), .Dimnames = structure(list(from = c("s1", "s2", "s3", 
    "s4", "s5", "s6"), to = c("s1", "s2", "s3", "s4", "s5", "s6"
    )), .Names = c("from", "to"))), structure(c(0.516149046528518, 
    0, 0, 0, 0, 0, 0.483850953471482, 0.61397981179562, 0, 0, 
    0, 0, 0, 0.38602018820438, 0.431945537718205, 0, 0, 0, 0, 
    0, 0.568054462281795, 0.936714424690324, 0, 0, 0, 0, 0, 0.0632855753096758, 
    0.700334523230535, 0, 0, 0, 0, 0, 0.299665476769465, 1), .Dim = c(6L, 
    6L), .Dimnames = structure(list(from = c("s1", "s2", "s3", 
    "s4", "s5", "s6"), to = c("s1", "s2", "s3", "s4", "s5", "s6"
    )), .Names = c("from", "to"))), structure(c(0.406022465550035, 
    0, 0, 0, 0, 0, 0.593977534449965, 0.635920634140671, 0, 0, 
    0, 0, 0, 0.364079365859328, 0.787595090327411, 0, 0, 0, 0, 
    0, 0.212404909672589, 0.672577423353758, 0, 0, 0, 0, 0, 0.327422576646242, 
    0.864995740606633, 0, 0, 0, 0, 0, 0.135004259393367, 1), .Dim = c(6L, 
    6L), .Dimnames = structure(list(from = c("s1", "s2", "s3", 
    "s4", "s5", "s6"), to = c("s1", "s2", "s3", "s4", "s5", "s6"
    )), .Names = c("from", "to"))), structure(c(0.797675177704497, 
    0, 0, 0, 0, 0, 0.202324822295502, 0.685630270241885, 0, 0, 
    0, 0, 0, 0.314369729758115, 0.814674886267912, 0, 0, 0, 0, 
    0, 0.185325113732088, 0.614021972976364, 0, 0, 0, 0, 0, 0.385978027023636, 
    0.860057036982061, 0, 0, 0, 0, 0, 0.13994296301794, 1), .Dim = c(6L, 
    6L), .Dimnames = structure(list(from = c("s1", "s2", "s3", 
    "s4", "s5", "s6"), to = c("s1", "s2", "s3", "s4", "s5", "s6"
    )), .Names = c("from", "to"))), structure(c(0.34080787607091, 
    0, 0, 0, 0, 0, 0.65919212392909, 0.404727115410872, 0, 0, 
    0, 0, 0, 0.595272884589128, 0.686799419785013, 0, 0, 0, 0, 
    0, 0.313200580214987, 0.770653281091003, 0, 0, 0, 0, 0, 0.229346718908997, 
    0.801596820959697, 0, 0, 0, 0, 0, 0.198403179040303, 1), .Dim = c(6L, 
    6L), .Dimnames = structure(list(from = c("s1", "s2", "s3", 
    "s4", "s5", "s6"), to = c("s1", "s2", "s3", "s4", "s5", "s6"
    )), .Names = c("from", "to"))), structure(c(0.504815257687294, 
    0, 0, 0, 0, 0, 0.495184742312706, 0.720694761331235, 0, 0, 
    0, 0, 0, 0.279305238668765, 0.516574853457788, 0, 0, 0, 0, 
    0, 0.483425146542212, 0.76673030544957, 0, 0, 0, 0, 0, 0.23326969455043, 
    0.808761206679894, 0, 0, 0, 0, 0, 0.191238793320106, 1), .Dim = c(6L, 
    6L), .Dimnames = structure(list(from = c("s1", "s2", "s3", 
    "s4", "s5", "s6"), to = c("s1", "s2", "s3", "s4", "s5", "s6"
    )), .Names = c("from", "to"))), structure(c(0.752694593766849, 
    0, 0, 0, 0, 0, 0.247305406233151, 0.447657113421753, 0, 0, 
    0, 0, 0, 0.552342886578247, 0.758646718252457, 0, 0, 0, 0, 
    0, 0.241353281747543, 0.256590870388433, 0, 0, 0, 0, 0, 0.743409129611567, 
    0.737415777702168, 0, 0, 0, 0, 0, 0.262584222297832, 1), .Dim = c(6L, 
    6L), .Dimnames = structure(list(from = c("s1", "s2", "s3", 
    "s4", "s5", "s6"), to = c("s1", "s2", "s3", "s4", "s5", "s6"
    )), .Names = c("from", "to"))), structure(c(0.702662624858971, 
    0, 0, 0, 0, 0, 0.297337375141029, 0.616391172857207, 0, 0, 
    0, 0, 0, 0.383608827142793, 0.492814473549478, 0, 0, 0, 0, 
    0, 0.507185526450522, 0.617074941606542, 0, 0, 0, 0, 0, 0.382925058393458, 
    0.724081494298547, 0, 0, 0, 0, 0, 0.275918505701453, 1), .Dim = c(6L, 
    6L), .Dimnames = structure(list(from = c("s1", "s2", "s3", 
    "s4", "s5", "s6"), to = c("s1", "s2", "s3", "s4", "s5", "s6"
    )), .Names = c("from", "to"))), structure(c(0.00696714614167209, 
    0.00349411866692497, 0.00465237582586701, 0.353430140749575, 
    0.00539305694940554, 0.00451835454530298, 0.0195463381098129, 
    0.00294372031675066, 0, 2.77900619748259e-92, 0.301937447592218, 
    0.00387312112481637, 0.0344128747474962, 3.47919093919846e-43, 
    0, 2.62941236930694e-305, 0.36277910588019, 0.0059270354056276, 
    0.0494948601232194, 0, 0, 0, 0.325445451568625, 0.00841269234881259, 
    0.0645042201187346, 0, 0, 0, 2.35343961326518e-123, 0.182656183604093, 
    0.0590145151755116, 3.24230688172525e-141, 0, 0, 0, 0.146188242104551, 
    0.0699860830204855, 1.45992624165906e-142, 0, 0, 0, 0.101651052313759, 
    0.101495046870884, 3.84586974272451e-143, 0, 0, 0, 0.0884270703065275, 
    0.175549333674625, 1.03077220546316e-61, 0, 0, 0, 0.124896855788039, 
    0.253717982377291, 3.39856416914238e-23, 0, 0, 0, 0.0987563787068427, 
    0.112079732917585, 0.284838979920072, 1.52716943126578e-186, 
    0, 0, 0.0864456273908152, 0.0288111241709421, 0.644828116200856, 
    0.0013780379747446, 0, 8.38154155226036e-150, 0.0693028858726297, 
    0.0131084035760081, 0.0549571107261374, 0.760124874473203, 
    3.5492307672079e-40, 0.00444493800956222, 0.0524929732856314, 
    0.00417108958134882, 0.0054416697164643, 0.221217555835582, 
    0.192983310370193, 1.88223911844466e-72, 0.0138676649840628, 
    0.00301858261725713, 0.0034962844527948, 0.00790998214335937, 
    0.240004548613108, 1.20999410602791e-86, 0.00774283593754144, 
    0.00412266677712646, 4.87396033240703e-58, 0.0047171737472434, 
    0.213582000267124, 7.01497502914024e-30, 0.0048410262809471
    ), .Dim = c(6L, 16L), .Dimnames = structure(list(states = c("s1", 
    "s2", "s3", "s4", "s5", "s6"),