structure(list(globalReco = 0.830396475770925, scores = c(0.935714285714286, 
0.857142857142857, 0.951851851851852, 0.910112359550562, 0.949416342412451, 
0.948717948717949, 0.304182509505703, 0.900355871886121, 0.702127659574468, 
0.834532374100719)), .Names = c("globalReco", "scores"))
