structure(list(globalReco = 0.895374449339207, scores = c(0.925, 
0.868131868131868, 0.955555555555556, 0.940074906367041, 0.968871595330739, 
0.970695970695971, 0.756653992395437, 0.95729537366548, 0.712765957446808, 
0.902877697841727)), .Names = c("globalReco", "scores"))
