structure(list(globalReco = 0.795154185022026, scores = c(0.875968992248062, 
0.860294117647059, 0.789855072463768, 0.715277777777778, 0.900662251655629, 
0.781021897810219, 0.692307692307692, 0.78740157480315, 0.703125, 
0.844961240310077)), .Names = c("globalReco", "scores"))
