structure(list(globalReco = 0.853891336270191, scores = c(0.664285714285714, 
0.904761904761905, 0.985185185185185, 0.97752808988764, 0.953307392996109, 
0.534798534798535, 0.935361216730038, 0.911032028469751, 0.776595744680851, 
0.913669064748201)), .Names = c("globalReco", "scores"))
