structure(list(globalReco = 0.881791483113069, scores = c(0.914728682170543, 
0.875, 0.956521739130435, 0.909722222222222, 0.927152317880795, 
0.963503649635037, 0.727272727272727, 0.960629921259842, 0.65625, 
0.922480620155039)), .Names = c("globalReco", "scores"))
