structure(list(globalReco = 0.825256975036711, scores = c(0.953488372093023, 
0.867647058823529, 0.942028985507246, 0.909722222222222, 0.907284768211921, 
0.912408759124088, 0.314685314685315, 0.960629921259842, 0.6640625, 
0.837209302325581)), .Names = c("globalReco", "scores"))
