structure(list(c("s1", "s2", "s3", "s4", "s5", "s6"), c("s1", 
"s2", "s3", "s4", "s5", "s6"), c("s1", "s2", "s3", "s4", "s5", 
"s6"), c("s1", "s2", "s3", "s4", "s5", "s6"), c("s1", "s2", "s3", 
"s4", "s5", "s6"), c("s1", "s2", "s3", "s4", "s5", "s6"), c("s1", 
"s2", "s3", "s4", "s5", "s6"), c("s1", "s2", "s3", "s4", "s5", 
"s6"), c("s1", "s2", "s3", "s4", "s5", "s6"), c("s1", "s2", "s3", 
"s4", "s5", "s6"), 1:16, 1:16, 1:16, 1:16, 1:16, 1:16, 1:16, 
    1:16, 1:16, 1:16, structure(c(1, 0, 0, 0, 0, 0), .Names = c("s1", 
    "s2", "s3", "s4", "s5", "s6")), structure(c(1, 0, 0, 0, 0, 
    0), .Names = c("s1", "s2", "s3", "s4", "s5", "s6")), structure(c(1, 
    0, 0, 0, 0, 0), .Names = c("s1", "s2", "s3", "s4", "s5", 
    "s6")), structure(c(1, 0, 0, 0, 0, 0), .Names = c("s1", "s2", 
    "s3", "s4", "s5", "s6")), structure(c(1, 0, 0, 0, 0, 0), .Names = c("s1", 
    "s2", "s3", "s4", "s5", "s6")), structure(c(1, 0, 0, 0, 0, 
    0), .Names = c("s1", "s2", "s3", "s4", "s5", "s6")), structure(c(1, 
    0, 0, 0, 0, 0), .Names = c("s1", "s2", "s3", "s4", "s5", 
    "s6")), structure(c(1, 0, 0, 0, 0, 0), .Names = c("s1", "s2", 
    "s3", "s4", "s5", "s6")), structure(c(1, 0, 0, 0, 0, 0), .Names = c("s1", 
    "s2", "s3", "s4", "s5", "s6")), structure(c(1, 0, 0, 0, 0, 
    0), .Names = c("s1", "s2", "s3", "s4", "s5", "s6")), structure(c(0.885526028715022, 
    0, 0, 0, 0, 0, 0.114473971284978, 0.788667187063051, 0, 0, 
    0, 0, 0, 0.211332812936949, 0.76220380450314, 0, 0, 0, 0, 
    0, 0.23779619549686, 0.754763121265137, 0, 0, 0, 0, 0, 0.245236878734863, 
    0.831344599000828, 0, 0, 0, 0, 0, 0.168655400999172, 1), .Dim = c(6L, 
    6L), .Dimnames = structure(list(from = c("s1", "s2", "s3", 
    "s4", "s5", "s6"), to = c("s1", "s2", "s3", "s4", "s5", "s6"
    )), .Names = c("from", "to"))), structure(c(0.877280343521682, 
    0, 0, 0, 0, 0, 0.122719656478318, 0.777482067030221, 0, 0, 
    0, 0, 0, 0.222517932969779, 0.731947089308582, 0, 0, 0, 0, 
    0, 0.268052910691418, 0.913085713383205, 0, 0, 0, 0, 0, 0.0869142866167952, 
    0.751575505807678, 0, 0, 0, 0, 0, 0.248424494192322, 1), .Dim = c(6L, 
    6L), .Dimnames = structure(list(from = c("s1", "s2", "s3", 
    "s4", "s5", "s6"), to = c("s1", "s2", "s3", "s4", "s5", "s6"
    )), .Names = c("from", "to"))), structure(c(0.82062183070759, 
    0, 0, 0, 0, 0, 0.17937816929241, 0.798816729069127, 0, 0, 
    0, 0, 0, 0.201183270930873, 0.853441443840634, 0, 0, 0, 0, 
    0, 0.146558556159366, 0.656383553769472, 0, 0, 0, 0, 0, 0.343616446230528, 
    0.891655094043208, 0, 0, 0, 0, 0, 0.108344905956793, 1), .Dim = c(6L, 
    6L), .Dimnames = structure(list(from = c("s1", "s2", "s3", 
    "s4", "s5", "s6"), to = c("s1", "s2", "s3", "s4", "s5", "s6"
    )), .Names = c("from", "to"))), structure(c(0.750205836889624, 
    0, 0, 0, 0, 0, 0.249794163110376, 0.909926237815428, 0, 0, 
    0, 0, 0, 0.0900737621845724, 0.776828920511346, 0, 0, 0, 
    0, 0, 0.223171079488654, 0.690696535673863, 0, 0, 0, 0, 0, 
    0.309303464326137, 0.842136229476742, 0, 0, 0, 0, 0, 0.157863770523258, 
    1), .Dim = c(6L, 6L), .Dimnames = structure(list(from = c("s1", 
    "s2", "s3", "s4", "s5", "s6"), to = c("s1", "s2", "s3", "s4", 
    "s5", "s6")), .Names = c("from", "to"))), structure(c(0.906412177159773, 
    0, 0, 0, 0, 0, 0.0935878228402267, 0.557460399525131, 0, 
    0, 0, 0, 0, 0.442539600474869, 0.79451015884732, 0, 0, 0, 
    0, 0, 0.20548984115268, 0.691272194283889, 0, 0, 0, 0, 0, 
    0.308727805716111, 0.912601960310431, 0, 0, 0, 0, 0, 0.0873980396895692, 
    1), .Dim = c(6L, 6L), .Dimnames = structure(list(from = c("s1", 
    "s2", "s3", "s4", "s5", "s6"), to = c("s1", "s2", "s3", "s4", 
    "s5", "s6")), .Names = c("from", "to"))), structure(c(0.837684058559338, 
    0, 0, 0, 0, 0, 0.162315941440662, 0.896630157321833, 0, 0, 
    0, 0, 0, 0.103369842678167, 0.838367600425396, 0, 0, 0, 0, 
    0, 0.161632399574604, 0.798517162849461, 0, 0, 0, 0, 0, 0.201482837150539, 
    0.718470026499016, 0, 0, 0, 0, 0, 0.281529973500984, 1), .Dim = c(6L, 
    6L), .Dimnames = structure(list(from = c("s1", "s2", "s3", 
    "s4", "s5", "s6"), to = c("s1", "s2", "s3", "s4", "s5", "s6"
    )), .Names = c("from", "to"))), structure(c(0.832579579939411, 
    0, 0, 0, 0, 0, 0.167420420060589, 0.858637857483472, 0, 0, 
    0, 0, 0, 0.141362142516528, 0.768544076083763, 0, 0, 0, 0, 
    0, 0.231455923916238, 0.800008650871636, 0, 0, 0, 0, 0, 0.199991349128364, 
    0.759884179598676, 0, 0, 0, 0, 0, 0.240115820401324, 1), .Dim = c(6L, 
    6L), .Dimnames = structure(list(from = c("s1", "s2", "s3", 
    "s4", "s5", "s6"), to = c("s1", "s2", "s3", "s4", "s5", "s6"
    )), .Names = c("from", "to"))), structure(c(0.867579239193501, 
    0, 0, 0, 0, 0, 0.132420760806499, 0.893619402394227, 0, 0, 
    0, 0, 0, 0.106380597605773, 0.625081727747719, 0, 0, 0, 0, 
    0, 0.374918272252281, 0.689791445025343, 0, 0, 0, 0, 0, 0.310208554974657, 
    0.338439318079865, 0, 0, 0, 0, 0, 0.661560681920135, 1), .Dim = c(6L, 
    6L), .Dimnames = structure(list(from = c("s1", "s2", "s3", 
    "s4", "s5", "s6"), to = c("s1", "s2", "s3", "s4", "s5", "s6"
    )), .Names = c("from", "to"))), structure(c(0.739749829709373, 
    0, 0, 0, 0, 0, 0.260250170290628, 0.899530797304833, 0, 0, 
    0, 0, 0, 0.100469202695167, 0.666638009368176, 0, 0, 0, 0, 
    0, 0.333361990631824, 0.868504656485153, 0, 0, 0, 0, 0, 0.131495343514847, 
    0.770490616814955, 0, 0, 0, 0, 0, 0.229509383185045, 1), .Dim = c(6L, 
    6L), .Dimnames = structure(list(from = c("s1", "s2", "s3", 
    "s4", "s5", "s6"), to = c("s1", "s2", "s3", "s4", "s5", "s6"
    )), .Names = c("from", "to"))), structure(c(0.807299492344502, 
    0, 0, 0, 0, 0, 0.192700507655498, 0.755295318269896, 0, 0, 
    0, 0, 0, 0.244704681730104, 0.826894347936441, 0, 0, 0, 0, 
    0, 0.173105652063559, 0.874268111558212, 0, 0, 0, 0, 0, 0.125731888441788, 
    0.654003201174147, 0, 0, 0, 0, 0, 0.345996798825853, 1), .Dim = c(6L, 
    6L), .Dimnames = structure(list(from = c("s1", "s2", "s3", 
    "s4", "s5", "s6"), to = c("s1", "s2", "s3", "s4", "s5", "s6"
    )),