structure(list(globalReco = 0.853891336270191, scores = c(0.751937984496124, 
0.867647058823529, 0.963768115942029, 0.9375, 0.920529801324503, 
0.64963503649635, 0.916083916083916, 0.921259842519685, 0.6953125, 
0.891472868217054)), .Names = c("globalReco", "scores"))
