structure(list(globalReco = 0.818649045521292, scores = c(0.889285714285714, 
0.882783882783883, 0.811111111111111, 0.752808988764045, 0.937743190661479, 
0.80952380952381, 0.707224334600761, 0.839857651245552, 0.765957446808511, 
0.79136690647482)), .Names = c("globalReco", "scores"))
