structure(list(c("s1", "s2", "s3"), c("s1", "s2", "s3"), c("s1", 
"s2", "s3"), c("s1", "s2", "s3"), c("s1", "s2", "s3"), c("s1", 
"s2", "s3"), c("s1", "s2", "s3"), c("s1", "s2", "s3"), c("s1", 
"s2", "s3"), c("s1", "s2", "s3"), 1:16, 1:16, 1:16, 1:16, 1:16, 
    1:16, 1:16, 1:16, 1:16, 1:16, structure(c(1, 0, 0), .Names = c("s1", 
    "s2", "s3")), structure(c(1, 0, 0), .Names = c("s1", "s2", 
    "s3")), structure(c(1, 0, 0), .Names = c("s1", "s2", "s3"
    )), structure(c(1, 0, 0), .Names = c("s1", "s2", "s3")), 
    structure(c(1, 0, 0), .Names = c("s1", "s2", "s3")), structure(c(1, 
    0, 0), .Names = c("s1", "s2", "s3")), structure(c(1, 0, 0
    ), .Names = c("s1", "s2", "s3")), structure(c(1, 0, 0), .Names = c("s1", 
    "s2", "s3")), structure(c(1, 0, 0), .Names = c("s1", "s2", 
    "s3")), structure(c(1, 0, 0), .Names = c("s1", "s2", "s3"
    )), structure(c(0.826046165556267, 0, 0, 0.173953834443733, 
    0.861815578526607, 0, 0, 0.138184421473393, 1), .Dim = c(3L, 
    3L), .Dimnames = structure(list(from = c("s1", "s2", "s3"
    ), to = c("s1", "s2", "s3")), .Names = c("from", "to"))), 
    structure(c(0.706085575135145, 0, 0, 0.293914424864855, 0.891316786081692, 
    0, 0, 0.108683213918308, 1), .Dim = c(3L, 3L), .Dimnames = structure(list(
        from = c("s1", "s2", "s3"), to = c("s1", "s2", "s3")), .Names = c("from", 
    "to"))), structure(c(0.68373658979311, 0, 0, 0.31626341020689, 
    0.523648264300416, 0, 0, 0.476351735699584, 1), .Dim = c(3L, 
    3L), .Dimnames = structure(list(from = c("s1", "s2", "s3"
    ), to = c("s1", "s2", "s3")), .Names = c("from", "to"))), 
    structure(c(0.657078811780446, 0, 0, 0.342921188219554, 0.617112108683552, 
    0, 0, 0.382887891316448, 1), .Dim = c(3L, 3L), .Dimnames = structure(list(
        from = c("s1", "s2", "s3"), to = c("s1", "s2", "s3")), .Names = c("from", 
    "to"))), structure(c(0.714903215841721, 0, 0, 0.285096784158279, 
    0.813925318264065, 0, 0, 0.186074681735935, 1), .Dim = c(3L, 
    3L), .Dimnames = structure(list(from = c("s1", "s2", "s3"
    ), to = c("s1", "s2", "s3")), .Names = c("from", "to"))), 
    structure(c(0.81090021299697, 0, 0, 0.18909978700303, 0.915070566786939, 
    0, 0, 0.0849294332130607, 1), .Dim = c(3L, 3L), .Dimnames = structure(list(
        from = c("s1", "s2", "s3"), to = c("s1", "s2", "s3")), .Names = c("from", 
    "to"))), structure(c(0.833444848982535, 0, 0, 0.166555151017465, 
    0.884184940940851, 0, 0, 0.11581505905915, 1), .Dim = c(3L, 
    3L), .Dimnames = structure(list(from = c("s1", "s2", "s3"
    ), to = c("s1", "s2", "s3")), .Names = c("from", "to"))), 
    structure(c(0.478280244833197, 0, 0, 0.521719755166803, 0.796422510999338, 
    0, 0, 0.203577489000662, 1), .Dim = c(3L, 3L), .Dimnames = structure(list(
        from = c("s1", "s2", "s3"), to = c("s1", "s2", "s3")), .Names = c("from", 
    "to"))), structure(c(0.780794164228784, 0, 0, 0.219205835771216, 
    0.901620392246285, 0, 0, 0.0983796077537146, 1), .Dim = c(3L, 
    3L), .Dimnames = structure(list(from = c("s1", "s2", "s3"
    ), to = c("s1", "s2", "s3")), .Names = c("from", "to"))), 
    structure(c(0.711087935152228, 0, 0, 0.288912064847772, 0.656427049061286, 
    0, 0, 0.343572950938714, 1), .Dim = c(3L, 3L), .Dimnames = structure(list(
        from = c("s1", "s2", "s3"), to = c("s1", "s2", "s3")), .Names = c("from", 
    "to"))), structure(c(0.00252984041702808, 0.209337522474109, 
    0.00435642808923665, 0.00932004590713976, 5.24251111413864e-20, 
    0.107679601068273, 0.0136700837311673, 8.20998914202444e-131, 
    0.130348668447537, 0.0205050568170194, 6.26572679672491e-297, 
    0.119013581757037, 0.0279580634283486, 0, 0.119224222077495, 
    0.0254729997435116, 0, 0.0955052449360331, 0.031685300222201, 
    0, 0.0661190225605097, 0.0447315018975258, 0, 0.0579329558750744, 
    0.0789011206463608, 4.19425744507204e-204, 0.0814420321607165, 
    0.113692014011627, 6.64505745053183e-186, 0.0646498345002244, 
    0.214341141763008, 1.30931080609007e-149, 0.0568820735437299, 
    0.387674585760866, 1.74945714089008e-06, 0.0453366053651349, 
    0.0250592922555356, 0.320666672524341, 0.0333552506366499, 
    0.00194804198356725, 0.201213629320659, 0.00968745431141052, 
    0.00126207464073735, 0.14346910757184, 0.00509266319500466, 
    0.00124883677435705, 0.12531131865191, 0.00337436147593303
    ), .Dim = c(3L, 16L), .Dimnames = structure(list(states = c("s1", 
    "s2", "s3"), symbols = c("1", "2", "3", "4", "5", "6", "7", 
    "8", "9", "10", "11", "12", "13", "14", "15", "16")), .Names = c("states", 
    "symbols"))), structure(c(0.167320664323983, 5.85889313020556e-41, 
    0.0628697496395499, 0.49620130968154, 0.0103159849087476, 
    0.0360466243421892, 0.0564031879335121, 0.5460551307513, 
    0.0103137977851769, 0.0179509094904241, 0.326622566897945, 
    0.0105044122126001, 0.0145656045137613, 0.0911375500276618, 
    0.00980020855546472, 0.00323546843495548, 0.0132269614267498, 
    0.00437333449948432, 0.00257105483874735, 0.00348595599249718, 
    0.00102238359722711, 0.00646008714887884, 1.00237760527539e-52, 
    0.00736946353341016, 0.0102959693393824, 0.000839412655676407, 
    0.0158609850735585, 0.0141363413994098, 0.00108053069504624, 
    0.020246337778009, 0.0150964142354997, 0.000589968238243925, 
    0.0222130551996769, 0.0305388828389621, 0.000495860784478032, 
    0.139682107318509, 0.0284502142573873, 0.00483514308182713, 
    0.527960404357093, 0.0253612224332559, 0.00131493453982738, 
    0.0996237383866558, 0.0392759547177761, 3.82210137190818e-24, 
    0.016532815869963, 0.0721367144125245, 5.68965135994442e-100, 
    0.0155805818514325), .Dim = c(3L, 16L), .Dimnames = structure(list(
        states = c("s1", "s2", "s3"), symbols = c("1", "2", "3", 
        "4", "5", "6", "7", "8", "9", "10", "11", "12", "13", 
        "14", "15", "16")), .Names = c("states", "symbols"))), 
    structure(c(0.00479405311768391, 0.0580856136856798, 0.189533484720293, 
    0.0110571186782327, 0.241824853210681, 0.105471200328434, 
    0.0188989301674071, 0.389899672883489, 0.0290243481269405, 
    0.040907827370212, 0.306009532920717, 0.0182091537185199, 
    0.268423799893669, 2.9868805884489e-09, 0.00940816261407501, 
    0.133533456111529, 1.34853654274765e-72, 0.00568906932268286, 
    0.116254121868264, 1.19704488991579e-78, 0.00505304483211037, 
    0.0904899840327567, 1.01109194884523e-129, 0.00370493362144945, 
    0.132795259361037, 0.00177236432605941, 0.0143163398005359, 
    0.0720451248046977, 0, 0.0286689864345165, 0.0524284924616059, 
    0, 0.123548787090459, 0.0337196846990752, 1.07402222380381e-37, 
    0.163368103887975, 0.0146820020624126, 4.44880890239854e-92, 
    0.0952868107559562, 0.00732451127305607, 3.73149229239273e-82, 
    0.0574516755149675, 0.00117151410037978, 2.68461654872025e-58, 
    0.0580883917436983, 0.00147411999798132, 0.00240795998649363, 
    0.0931775074873856), .Dim = c(3L, 16L), .Dimnames = structure(list(
        states = c("s1", "s2", "s3"), symbols = c("1", "2", "3", 
        "4", "5", "6", "7", "8", "9", "10", "11", "12", "13", 
        "14", "15", "16")),