structure(list(globalReco = 0.828193832599119, scores = c(0.891472868217054, 
0.786764705882353, 0.891304347826087, 0.868055555555556, 0.95364238410596, 
0.64963503649635, 0.853146853146853, 0.913385826771654, 0.640625, 
0.813953488372093)), .Names = c("globalReco", "scores"))
