structure(list(globalReco = 0.826725403817915, scores = c(0.581395348837209, 
0.867647058823529, 0.963768115942029, 0.944444444444444, 0.920529801324503, 
0.54014598540146, 0.916083916083916, 0.929133858267717, 0.7109375, 
0.86046511627907)), .Names = c("globalReco", "scores"))
