structure(list(c("s1", "s2", "s3"), c("s1", "s2", "s3"), c("s1", 
"s2", "s3"), c("s1", "s2", "s3"), c("s1", "s2", "s3"), c("s1", 
"s2", "s3"), c("s1", "s2", "s3"), c("s1", "s2", "s3"), c("s1", 
"s2", "s3"), c("s1", "s2", "s3"), 1:16, 1:16, 1:16, 1:16, 1:16, 
    1:16, 1:16, 1:16, 1:16, 1:16, structure(c(1, 0, 0), .Names = c("s1", 
    "s2", "s3")), structure(c(1, 0, 0), .Names = c("s1", "s2", 
    "s3")), structure(c(1, 0, 0), .Names = c("s1", "s2", "s3"
    )), structure(c(1, 0, 0), .Names = c("s1", "s2", "s3")), 
    structure(c(1, 0, 0), .Names = c("s1", "s2", "s3")), structure(c(1, 
    0, 0), .Names = c("s1", "s2", "s3")), structure(c(1, 0, 0
    ), .Names = c("s1", "s2", "s3")), structure(c(1, 0, 0), .Names = c("s1", 
    "s2", "s3")), structure(c(1, 0, 0), .Names = c("s1", "s2", 
    "s3")), structure(c(1, 0, 0), .Names = c("s1", "s2", "s3"
    )), structure(c(0.876300943592403, 0, 0, 0.123699056407597, 
    0.885857398358738, 0, 0, 0.114142601641262, 1), .Dim = c(3L, 
    3L), .Dimnames = structure(list(from = c("s1", "s2", "s3"
    ), to = c("s1", "s2", "s3")), .Names = c("from", "to"))), 
    structure(c(0.883220246903305, 0, 0, 0.116779753096695, 0.846635664205931, 
    0, 0, 0.153364335794069, 1), .Dim = c(3L, 3L), .Dimnames = structure(list(
        from = c("s1", "s2", "s3"), to = c("s1", "s2", "s3")), .Names = c("from", 
    "to"))), structure(c(0.874696947627624, 0, 0, 0.125303052372376, 
    0.913796472535389, 0, 0, 0.0862035274646114, 1), .Dim = c(3L, 
    3L), .Dimnames = structure(list(from = c("s1", "s2", "s3"
    ), to = c("s1", "s2", "s3")), .Names = c("from", "to"))), 
    structure(c(0.768456770740836, 0, 0, 0.231543229259164, 0.948251260946229, 
    0, 0, 0.0517487390537712, 1), .Dim = c(3L, 3L), .Dimnames = structure(list(
        from = c("s1", "s2", "s3"), to = c("s1", "s2", "s3")), .Names = c("from", 
    "to"))), structure(c(0.911066296953305, 0, 0, 0.088933703046695, 
    0.870404386029708, 0, 0, 0.129595613970292, 1), .Dim = c(3L, 
    3L), .Dimnames = structure(list(from = c("s1", "s2", "s3"
    ), to = c("s1", "s2", "s3")), .Names = c("from", "to"))), 
    structure(c(0.944343028569934, 0, 0, 0.0556569714300656, 
    0.834482042492866, 0, 0, 0.165517957507134, 1), .Dim = c(3L, 
    3L), .Dimnames = structure(list(from = c("s1", "s2", "s3"
    ), to = c("s1", "s2", "s3")), .Names = c("from", "to"))), 
    structure(c(0.904735047631509, 0, 0, 0.0952649523684909, 
    0.850564687652166, 0, 0, 0.149435312347834, 1), .Dim = c(3L, 
    3L), .Dimnames = structure(list(from = c("s1", "s2", "s3"
    ), to = c("s1", "s2", "s3")), .Names = c("from", "to"))), 
    structure(c(0.864386250933602, 0, 0, 0.135613749066398, 0.897111881080791, 
    0, 0, 0.102888118919209, 1), .Dim = c(3L, 3L), .Dimnames = structure(list(
        from = c("s1", "s2", "s3"), to = c("s1", "s2", "s3")), .Names = c("from", 
    "to"))), structure(c(0.780807428433389, 0, 0, 0.219192571566611, 
    0.901618659326613, 0, 0, 0.0983813406733867, 1), .Dim = c(3L, 
    3L), .Dimnames = structure(list(from = c("s1", "s2", "s3"
    ), to = c("s1", "s2", "s3")), .Names = c("from", "to"))), 
    structure(c(0.875792623000378, 0, 0, 0.124207376999622, 0.84213889817365, 
    0, 0, 0.15786110182635, 1), .Dim = c(3L, 3L), .Dimnames = structure(list(
        from = c("s1", "s2", "s3"), to = c("s1", "s2", "s3")), .Names = c("from", 
    "to"))), structure(c(0.00178437424875025, 0.175721210730979, 
    0.00379122585622279, 0.00532566951752008, 0.205377180877146, 
    0.00331514343107524, 0.00755403634882861, 0.239335986244501, 
    0.0105536068778517, 0.0144253010487458, 0.00152631765739701, 
    0.152998524229804, 0.0199135424939171, 2.61086039449617e-130, 
    0.15417143606908, 0.018152068933714, 0, 0.123492455482915, 
    0.0225585802424509, 0, 0.085494356276455, 0.031840576578561, 
    0, 0.0749044293433969, 0.0561396822462533, 0, 0.105307809923449, 
    0.0808507620734552, 0, 0.0836082947506195, 0.152433960039106, 
    0, 0.0735552237839078, 0.275700026002324, 1.93743323243859e-206, 
    0.0586192747081183, 0.298663850552123, 2.29569446866856e-25, 
    0.0469517391853684, 0.0126415472404808, 0.155619009947351, 
    0.0126760618214251, 0.0011018220734502, 0.118444033445431, 
    0.00651400166023263, 0.000914200360320302, 0.103976261097197, 
    0.00404641660007779), .Dim = c(3L, 16L), .Dimnames = structure(list(
        states = c("s1", "s2", "s3"), symbols = c("1", "2", "3", 
        "4", "5", "6", "7", "8", "9", "10", "11", "12", "13", 
        "14", "15", "16")), .Names = c("states", "symbols"))), 
    structure(c(0.0685307261111262, 5.69070460684592e-60, 0.0714834809543928, 
    0.212453248977835, 0.00142243251532408, 0.0386531617105121, 
    0.580204891839188, 0.038338354587935, 0.0121261119530564, 
    0.0336762612325137, 0.438485594351995, 0.0107769068961789, 
    0.00590561855491382, 0.136143450934494, 0.00924319555077333, 
    0.00131019187506316, 0.0223305986977145, 0.00365700888938397, 
    0.00120447229204783, 0.00604590410129788, 0.000644868687828123, 
    0.00258485424269281, 0.00317690358860266, 0.00715875771713289, 
    0.00513337560346897, 1.39100208555437e-22, 0.0182482924093769, 
    0.00619819905874271, 0.00660755626272498, 0.0209243024000335, 
    0.00320182417543768, 0.0350262624549136, 0.0127709888008709, 
    0.0088410387481652, 0.267686765758027, 0.050106847820058, 
    0.012735278204162, 0.0397851687332834, 0.595362734422026, 
    0.0115705505680735, 0.00306214586330761, 0.113776596742501, 
    0.0162096846821792, 0.00188886215037965, 0.0179600982869504, 
    0.0302397838343908, 3.88471178144515e-25, 0.017106646758924
    ), .Dim = c(3L, 16L), .Dimnames = structure(list(states = c("s1", 
    "s2", "s3"), symbols = c("1", "2", "3", "4", "5", "6", "7", 
    "8", "9", "10", "11", "12", "13", "14", "15", "16")), .Names = c("states", 
    "symbols"))), structure(c(0.130796840811571, 0.00105489756584712, 
    0.3591260712794, 0.10813337352112, 4.43826583775545e-87, 
    0.218040305556941, 0.116022369918512, 5.67988305816106e-126, 
    0.0638598066024455, 0.0974613597480269, 5.00685141872417e-137, 
    0.0423360375020727, 0.107207514465222, 0.000363659126137161, 
    0.0211204961638213, 0.0529067259861577, 0.000486395484123896, 
    0.0128727696178784, 0.0487237757115003, 0.00068293520779539, 
    0.00913355656531212, 0.0357354128034207, 0.00203652398492611, 
    0.00658476526972699, 0.0534623477417158, 0.0217260645173873, 
    0.00960148010777865, 0.0288630037939509, 0.0604671015331681, 
    0.000952441565791831, 0.0224893974346321, 0.264083779548998, 
    3.1297486604578e-104, 0.0150519907904278, 0.348599680073497, 
    0.00109530747436946, 0.00919947128253611, 0.202248673465638, 
    2.07707214673923e-57, 0.0199813772828518, 0.0930828262964365, 
    0.0202420498070175, 0.0736271132541919, 0.00412042665104469, 
    0.0767493337293314, 0.0803379254541632, 0.00104703654500012, 
    0.158285578758113), .Dim = c(3L, 16L), .Dimnames = structure(list(
        states = c("s1", "s2", "s3"), symbols = c("1", "2", "3", 
        "4", "5", "6", "7", "8", "9", "10", "11", "12", "13", 
        "14", "15", "16")),