structure(list(c("s1", "s2", "s3"), c("s1", "s2", "s3"), c("s1", 
"s2", "s3"), c("s1", "s2", "s3"), c("s1", "s2", "s3"), c("s1", 
"s2", "s3"), c("s1", "s2", "s3"), c("s1", "s2", "s3"), c("s1", 
"s2", "s3"), c("s1", "s2", "s3"), 1:8, 1:8, 1:8, 1:8, 1:8, 1:8, 
    1:8, 1:8, 1:8, 1:8, structure(c(1, 0, 0), .Names = c("s1", 
    "s2", "s3")), structure(c(1, 0, 0), .Names = c("s1", "s2", 
    "s3")), structure(c(1, 0, 0), .Names = c("s1", "s2", "s3"
    )), structure(c(1, 0, 0), .Names = c("s1", "s2", "s3")), 
    structure(c(1, 0, 0), .Names = c("s1", "s2", "s3")), structure(c(1, 
    0, 0), .Names = c("s1", "s2", "s3")), structure(c(1, 0, 0
    ), .Names = c("s1", "s2", "s3")), structure(c(1, 0, 0), .Names = c("s1", 
    "s2", "s3")), structure(c(1, 0, 0), .Names = c("s1", "s2", 
    "s3")), structure(c(1, 0, 0), .Names = c("s1", "s2", "s3"
    )), structure(c(0.89116701480497, 0, 0, 0.10883298519503, 
    0.891521289064961, 0, 0, 0.108478710935039, 1), .Dim = c(3L, 
    3L), .Dimnames = structure(list(from = c("s1", "s2", "s3"
    ), to = c("s1", "s2", "s3")), .Names = c("from", "to"))), 
    structure(c(0.902505441162651, 0, 0, 0.0974945588373489, 
    0.695341373154657, 0, 0, 0.304658626845343, 1), .Dim = c(3L, 
    3L), .Dimnames = structure(list(from = c("s1", "s2", "s3"
    ), to = c("s1", "s2", "s3")), .Names = c("from", "to"))), 
    structure(c(0.878457447121476, 0, 0, 0.121542552878524, 0.910053480834908, 
    0, 0, 0.089946519165092, 1), .Dim = c(3L, 3L), .Dimnames = structure(list(
        from = c("s1", "s2", "s3"), to = c("s1", "s2", "s3")), .Names = c("from", 
    "to"))), structure(c(0.784788722805751, 0, 0, 0.215211277194249, 
    0.949059361295977, 0, 0, 0.0509406387040229, 1), .Dim = c(3L, 
    3L), .Dimnames = structure(list(from = c("s1", "s2", "s3"
    ), to = c("s1", "s2", "s3")), .Names = c("from", "to"))), 
    structure(c(0.909926611855305, 0, 0, 0.0900733881446951, 
    0.86874181256824, 0, 0, 0.13125818743176, 1), .Dim = c(3L, 
    3L), .Dimnames = structure(list(from = c("s1", "s2", "s3"
    ), to = c("s1", "s2", "s3")), .Names = c("from", "to"))), 
    structure(c(0.945217098231861, 0, 0, 0.0547829017681393, 
    0.803493113664562, 0, 0, 0.196506886335438, 1), .Dim = c(3L, 
    3L), .Dimnames = structure(list(from = c("s1", "s2", "s3"
    ), to = c("s1", "s2", "s3")), .Names = c("from", "to"))), 
    structure(c(0.882737366032645, 0, 0, 0.117262633967355, 0.852735541048034, 
    0, 0, 0.147264458951966, 1), .Dim = c(3L, 3L), .Dimnames = structure(list(
        from = c("s1", "s2", "s3"), to = c("s1", "s2", "s3")), .Names = c("from", 
    "to"))), structure(c(0.860884994943007, 0, 0, 0.139115005056993, 
    0.899098073904314, 0, 0, 0.100901926095686, 1), .Dim = c(3L, 
    3L), .Dimnames = structure(list(from = c("s1", "s2", "s3"
    ), to = c("s1", "s2", "s3")), .Names = c("from", "to"))), 
    structure(c(0.771265881772485, 0, 0, 0.228734118227514, 0.903124120420463, 
    0, 0, 0.0968758795795368, 1), .Dim = c(3L, 3L), .Dimnames = structure(list(
        from = c("s1", "s2", "s3"), to = c("s1", "s2", "s3")), .Names = c("from", 
    "to"))), structure(c(0.850065871646703, 0, 0, 0.149934128353297, 
    0.946631676854624, 0, 0, 0.0533683231453763, 1), .Dim = c(3L, 
    3L), .Dimnames = structure(list(from = c("s1", "s2", "s3"
    ), to = c("s1", "s2", "s3")), .Names = c("from", "to"))), 
    structure(c(0.00686054547422593, 0.307223080783255, 0.00521100555620305, 
    0.0159936497912064, 0.470010663030389, 0.00767228696421344, 
    0.0394772849771572, 8.95146675170554e-12, 0.323141120605847, 
    0.0458158332483978, 0, 0.196825982342994, 0.102656966349288, 
    0, 0.203448142144675, 0.295311464816005, 6.18474416756501e-216, 
    0.159463455245997, 0.47754594345315, 2.65685110389736e-40, 
    0.0929127532567402, 0.0163383118905693, 0.222766256177405, 
    0.0113252538833307), .Dim = c(3L, 8L), .Dimnames = structure(list(
        states = c("s1", "s2", "s3"), symbols = c("1", "2", "3", 
        "4", "5", "6", "7", "8")), .Names = c("states", "symbols"
    ))), structure(c(0.135596030734757, 1.89467569144147e-09, 
    0.101226744451673, 0.785255817092157, 0.107485499108045, 
    0.0249653697730841, 0.0154916061090387, 0.589720288926047, 
    0.0161488569762971, 0.0025428173290874, 0.025179657671308, 
    0.00520716341063492, 0.00720625621281771, 0.00520616146267766, 
    0.0318320078551652, 0.00959018002117915, 0.196793794255719, 
    0.0334868434303965, 0.0162153537030138, 0.0612309579014581, 
    0.74589594494394, 0.0281019387979488, 0.0143836387800692, 
    0.0412370691588085), .Dim = c(3L, 8L), .Dimnames = structure(list(
        states = c("s1", "s2", "s3"), symbols = c("1", "2", "3", 
        "4", "5", "6", "7", "8")), .Names = c("states", "symbols"
    ))), structure(c(0.223534947487044, 9.84648337313038e-52, 
    0.58781452105022, 0.208229867223261, 4.51813218090801e-109, 
    0.164334641449835, 0.179309583300826, 0.000361716691102858, 
    0.0481069268702045, 0.0895411754007931, 0.00124753847555507, 
    0.0202542390012271, 0.0838847049700794, 0.0490381510025252, 
    0.00647553169544823, 0.0422489605187148, 0.539243594637178, 
    0.000580484165645127, 0.0226319308265486, 0.408940980996684, 
    0.0086273621629102, 0.150618830272732, 0.00116801819695477, 
    0.16380629360451), .Dim = c(3L, 8L), .Dimnames = structure(list(
        states = c("s1", "s2", "s3"), symbols = c("1", "2", "3", 
        "4", "5", "6", "7", "8")), .Names = c("states", "symbols"
    ))), structure(c(0.54585457344449, 0.146637810372188, 0.0650753198841709, 
    0.25350197559843, 0.0131119031848912, 0.0517558258127359, 
    0.102866578652114, 0.00386272801491338, 0.0972250461731573, 
    0.050661346141119, 0.00369648186092139, 0.113789733900901, 
    0.0287709828660694, 0.0415084361066262, 0.647967835942167, 
    0.00604042086525459, 0.316711646233658, 0.0217226917922593, 
    0.00327929741710549, 0.229629380172774, 0.00118387505879648, 
    0.00902482501541698, 0.244841614054028, 0.0012796714358123
    ), .Dim = c(3L, 8L), .Dimnames = structure(list(states = c("s1", 
    "s2", "s3"), symbols = c("1", "2", "3", "4", "5", "6", "7", 
    "8")), .Names = c("states", "symbols"))), structure(c(0.00751873024135847, 
    0.544756338917853, 0.0310733430121579, 0.0121086017222989, 
    0.316533122425009, 0.0250842685216727, 0.0301049634229054, 
    0.00804034351448536, 0.122877938785973, 0.00630864321772046, 
    1.46455232690915e-33, 0.0693699910338836, 0.0119164972960646, 
    3.32740404615783e-32, 0.0143522449874151, 0.230966963212395, 
    1.03296086731367e-70, 0.0857722350415353, 0.67381406451031, 
    5.52589462463157e-60, 0.586895607362881, 0.027261536376947, 
    0.130670195142652, 0.0645743712544811), .Dim = c(3L, 8L), .Dimnames = structure(list(
        states = c("s1", "s2", "s3"), symbols = c("1", "2", "3", 
        "4", "5", "6", "7", "8")), .Names = c("states", "symbols"
    ))), structure(c(0.17882336785678, 3.44262720948619e-195, 
    0.378995807813037, 0.0377739372555266, 3.66051494844128e-90, 
    0.17585487406772, 0.00614968591890519, 2.76989284787664e-32, 
    0.427028002436859, 0.0115667869442124, 0.208666844232539, 
    0.00128577972597538, 0.114036455176617, 0.744750063518051, 
    0.00189122672379619, 0.232618494889103, 0.0465830922494097, 
    0.00269986244396088, 0.214576224396464, 1.42644496174462e-85, 
    0.00179284720407623, 0.204455047562392, 2.84604759750376e-61, 
    0.0104515995845752), .Dim = c(3L, 8L), .Dimnames = structure(list(
        states = c("s1", "s2", "s3"), symbols = c("1", "2", "3", 
        "4", "5", "6", "7", "8")),