structure(list(globalReco = 0.828928046989721, scores = c(0.632142857142857, 
0.772893772893773, 0.974074074074074, 0.951310861423221, 0.891050583657588, 
0.58974358974359, 0.946768060836502, 0.889679715302491, 0.75886524822695, 
0.899280575539568)), .Names = c("globalReco", "scores"))
