structure(list(globalReco = 0.851688693098385, scores = c(0.728682170542636, 
0.757352941176471, 0.963768115942029, 0.965277777777778, 0.920529801324503, 
0.678832116788321, 0.937062937062937, 0.881889763779528, 0.75, 
0.906976744186046)), .Names = c("globalReco", "scores"))
