structure(list(globalReco = 0.850954478707783, scores = c(0.753571428571429, 
0.783882783882784, 0.977777777777778, 0.97752808988764, 0.918287937743191, 
0.677655677655678, 0.935361216730038, 0.864768683274021, 0.75177304964539, 
0.884892086330935)), .Names = c("globalReco", "scores"))
