structure(list(c("s1", "s2", "s3", "s4", "s5", "s6"), c("s1", 
"s2", "s3", "s4", "s5", "s6"), c("s1", "s2", "s3", "s4", "s5", 
"s6"), c("s1", "s2", "s3", "s4", "s5", "s6"), c("s1", "s2", "s3", 
"s4", "s5", "s6"), c("s1", "s2", "s3", "s4", "s5", "s6"), c("s1", 
"s2", "s3", "s4", "s5", "s6"), c("s1", "s2", "s3", "s4", "s5", 
"s6"), c("s1", "s2", "s3", "s4", "s5", "s6"), c("s1", "s2", "s3", 
"s4", "s5", "s6"), 1:8, 1:8, 1:8, 1:8, 1:8, 1:8, 1:8, 1:8, 1:8, 
    1:8, structure(c(1, 0, 0, 0, 0, 0), .Names = c("s1", "s2", 
    "s3", "s4", "s5", "s6")), structure(c(1, 0, 0, 0, 0, 0), .Names = c("s1", 
    "s2", "s3", "s4", "s5", "s6")), structure(c(1, 0, 0, 0, 0, 
    0), .Names = c("s1", "s2", "s3", "s4", "s5", "s6")), structure(c(1, 
    0, 0, 0, 0, 0), .Names = c("s1", "s2", "s3", "s4", "s5", 
    "s6")), structure(c(1, 0, 0, 0, 0, 0), .Names = c("s1", "s2", 
    "s3", "s4", "s5", "s6")), structure(c(1, 0, 0, 0, 0, 0), .Names = c("s1", 
    "s2", "s3", "s4", "s5", "s6")), structure(c(1, 0, 0, 0, 0, 
    0), .Names = c("s1", "s2", "s3", "s4", "s5", "s6")), structure(c(1, 
    0, 0, 0, 0, 0), .Names = c("s1", "s2", "s3", "s4", "s5", 
    "s6")), structure(c(1, 0, 0, 0, 0, 0), .Names = c("s1", "s2", 
    "s3", "s4", "s5", "s6")), structure(c(1, 0, 0, 0, 0, 0), .Names = c("s1", 
    "s2", "s3", "s4", "s5", "s6")), structure(c(0.893204001401364, 
    0, 0, 0, 0, 0, 0.106795998598636, 0.792607240314767, 0, 0, 
    0, 0, 0, 0.207392759685233, 0.772147860739069, 0, 0, 0, 0, 
    0, 0.22785213926093, 0.746034123499134, 0, 0, 0, 0, 0, 0.253965876500866, 
    0.836505356167368, 0, 0, 0, 0, 0, 0.163494643832632, 1), .Dim = c(6L, 
    6L), .Dimnames = structure(list(from = c("s1", "s2", "s3", 
    "s4", "s5", "s6"), to = c("s1", "s2", "s3", "s4", "s5", "s6"
    )), .Names = c("from", "to"))), structure(c(0.901697731272218, 
    0, 0, 0, 0, 0, 0.098302268727782, 0.626395089491415, 0, 0, 
    0, 0, 0, 0.373604910508585, 0.516418750571905, 0, 0, 0, 0, 
    0, 0.483581249428095, 0.932353253201858, 0, 0, 0, 0, 0, 0.0676467467981424, 
    0.742331642402179, 0, 0, 0, 0, 0, 0.257668357597821, 1), .Dim = c(6L, 
    6L), .Dimnames = structure(list(from = c("s1", "s2", "s3", 
    "s4", "s5", "s6"), to = c("s1", "s2", "s3", "s4", "s5", "s6"
    )), .Names = c("from", "to"))), structure(c(0.853589543591795, 
    0, 0, 0, 0, 0, 0.146410456408205, 0.796411810118716, 0, 0, 
    0, 0, 0, 0.203588189881284, 0.838041840358409, 0, 0, 0, 0, 
    0, 0.161958159641591, 0.743575336349395, 0, 0, 0, 0, 0, 0.256424663650605, 
    0.916979495122062, 0, 0, 0, 0, 0, 0.0830205048779384, 1), .Dim = c(6L, 
    6L), .Dimnames = structure(list(from = c("s1", "s2", "s3", 
    "s4", "s5", "s6"), to = c("s1", "s2", "s3", "s4", "s5", "s6"
    )), .Names = c("from", "to"))), structure(c(0.752596872461767, 
    0, 0, 0, 0, 0, 0.247403127538233, 0.917825507433373, 0, 0, 
    0, 0, 0, 0.0821744925666266, 0.792198789190636, 0, 0, 0, 
    0, 0, 0.207801210809364, 0.63172088076175, 0, 0, 0, 0, 0, 
    0.36827911923825, 0.837470930857141, 0, 0, 0, 0, 0, 0.162529069142859, 
    1), .Dim = c(6L, 6L), .Dimnames = structure(list(from = c("s1", 
    "s2", "s3", "s4", "s5", "s6"), to = c("s1", "s2", "s3", "s4", 
    "s5", "s6")), .Names = c("from", "to"))), structure(c(0.909544418392681, 
    0, 0, 0, 0, 0, 0.0904555816073195, 0.758454746699663, 0, 
    0, 0, 0, 0, 0.241545253300337, 0.681529912432813, 0, 0, 0, 
    0, 0, 0.318470087567187, 0.634918223538737, 0, 0, 0, 0, 0, 
    0.365081776461263, 0.92702298405848, 0, 0, 0, 0, 0, 0.0729770159415199, 
    1), .Dim = c(6L, 6L), .Dimnames = structure(list(from = c("s1", 
    "s2", "s3", "s4", "s5", "s6"), to = c("s1", "s2", "s3", "s4", 
    "s5", "s6")), .Names = c("from", "to"))), structure(c(0.843083576763844, 
    0, 0, 0, 0, 0, 0.156916423236156, 0.89053691775817, 0, 0, 
    0, 0, 0, 0.10946308224183, 0.847259946815378, 0, 0, 0, 0, 
    0, 0.152740053184622, 0.84451691276992, 0, 0, 0, 0, 0, 0.15548308723008, 
    0.640592100990897, 0, 0, 0, 0, 0, 0.359407899009103, 1), .Dim = c(6L, 
    6L), .Dimnames = structure(list(from = c("s1", "s2", "s3", 
    "s4", "s5", "s6"), to = c("s1", "s2", "s3", "s4", "s5", "s6"
    )), .Names = c("from", "to"))), structure(c(0.882602454859276, 
    0, 0, 0, 0, 0, 0.117397545140724, 0.803584357720009, 0, 0, 
    0, 0, 0, 0.196415642279991, 0.777101986660065, 0, 0, 0, 0, 
    0, 0.222898013339935, 0.779475142673174, 0, 0, 0, 0, 0, 0.220524857326826, 
    0.819834573011085, 0, 0, 0, 0, 0, 0.180165426988915, 1), .Dim = c(6L, 
    6L), .Dimnames = structure(list(from = c("s1", "s2", "s3", 
    "s4", "s5", "s6"), to = c("s1", "s2", "s3", "s4", "s5", "s6"
    )), .Names = c("from", "to"))), structure(c(0.861895393799454, 
    0, 0, 0, 0, 0, 0.138104606200546, 0.898012305861257, 0, 0, 
    0, 0, 0, 0.101987694138743, 0.621240668955135, 0, 0, 0, 0, 
    0, 0.378759331044865, 0.643475972616294, 0, 0, 0, 0, 0, 0.356524027383706, 
    1.91194828517323e-05, 0, 0, 0, 0, 0, 0.999980880517148, 1
    ), .Dim = c(6L, 6L), .Dimnames = structure(list(from = c("s1", 
    "s2", "s3", "s4", "s5", "s6"), to = c("s1", "s2", "s3", "s4", 
    "s5", "s6")), .Names = c("from", "to"))), structure(c(0.733418021942875, 
    0, 0, 0, 0, 0, 0.266581978057125, 0.900930904688064, 0, 0, 
    0, 0, 0, 0.0990690953119363, 0.633619424639526, 0, 0, 0, 
    0, 0, 0.366380575360474, 0.873072946946656, 0, 0, 0, 0, 0, 
    0.126927053053344, 0.738795924887562, 0, 0, 0, 0, 0, 0.261204075112438, 
    1), .Dim = c(6L, 6L), .Dimnames = structure(list(from = c("s1", 
    "s2", "s3", "s4", "s5", "s6"), to = c("s1", "s2", "s3", "s4", 
    "s5", "s6")), .Names = c("from", "to"))), structure(c(0.822291994230467, 
    0, 0, 0, 0, 0, 0.177708005769534, 0.766782843415584, 0, 0, 
    0, 0, 0, 0.233217156584416, 0.807046111126807, 0, 0, 0, 0, 
    0, 0.192953888873193, 0.880921776104059, 0, 0, 0, 0, 0, 0.119078223895941, 
    0.496195338295711, 0, 0, 0, 0, 0, 0.50380466170429, 1), .Dim = c(6L, 
    6L), .Dimnames = structure(list(from = c("s1", "s2", "s3", 
    "s4", "s5", "s6"), to = c("s1", "s2", "s3", "s4", "s5", "s6"
    )), .Names = c("from", "to"))), structure(c(0.0081128527035517, 
    0.573048672780332, 0.00523983986239698, 4.69164372504325e-122, 
    3.89350685871985e-113, 0.0233595264869615, 0.018799923969838, 
    2.94414816529098e-40, 0.993582937729361, 0.00888900873038599, 
    2.32064489087907e-103, 0.00775351848762637, 0.0396991193059094, 
    0.00320169704904445, 0.00117722240824181, 0.984801409184853, 
    0.00499166580782847, 0.00157737140476199, 0.0474795575593461, 
    1.34281892122977e-213, 0, 0.00630958208476131, 0.492891598315493, 
    6.63090096152343e-93, 0.102577476284649, 0, 0, 1.13383833618958e-213, 
    0.500696985678603, 0.0230338772709349, 0.292707822116926, 
    0, 0, 0, 0.000652044499027116, 0.577613074210509, 0.475236757144085, 
    4.40097947403759e-29, 0, 0, 0.000767705699048961, 0.324352323150562, 
    0.0153864909156954, 0.423749630170623, 4.59442974688427e-257, 
    0, 1.73511886501162e-131, 0.0423103089886445), .Dim = c(6L, 
    8L), .Dimnames = structure(list(states = c("s1", "s2", "s3", 
    "s4", "s5", "s6"), symbols = c("1", "2", "3", "4", "5", "6", 
    "7", "8")),