structure(list(globalReco = 0.794419970631424, scores = c(0.844961240310077, 
0.875, 0.905797101449275, 0.833333333333333, 0.854304635761589, 
0.912408759124088, 0.34965034965035, 0.905511811023622, 0.625, 
0.852713178294574)), .Names = c("globalReco", "scores"))
