structure(list(globalReco = 0.72870778267254, scores = c(0.896428571428571, 
0.860805860805861, 0.825925925925926, 0.685393258426966, 0.875486381322957, 
0.776556776556777, 0.281368821292776, 0.743772241992883, 0.680851063829787, 
0.651079136690647)), .Names = c("globalReco", "scores"))
