structure(list(globalReco = 0.8215859030837, scores = c(0.907142857142857, 
0.747252747252747, 0.944444444444444, 0.872659176029963, 0.926070038910506, 
0.58974358974359, 0.809885931558935, 0.871886120996441, 0.719858156028369, 
0.834532374100719)), .Names = c("globalReco", "scores"))
