structure(list(globalReco = 0.824522760646109, scores = c(0.565891472868217, 
0.779411764705882, 0.942028985507246, 0.951388888888889, 0.894039735099338, 
0.605839416058394, 0.958041958041958, 0.881889763779528, 0.7421875, 
0.891472868217054)), .Names = c("globalReco", "scores"))
