structure(list(globalReco = 0.819383259911894, scores = c(0.930232558139535, 
0.867647058823529, 0.91304347826087, 0.902777777777778, 0.95364238410596, 
0.934306569343066, 0.195804195804196, 0.94488188976378, 0.6796875, 
0.891472868217054)), .Names = c("globalReco", "scores"))
