structure(list(globalReco = 0.832966226138032, scores = c(0.939285714285714, 
0.860805860805861, 0.944444444444444, 0.925093632958802, 0.926070038910506, 
0.967032967032967, 0.174904942965779, 0.928825622775801, 0.74822695035461, 
0.89568345323741)), .Names = c("globalReco", "scores"))
