structure(list(c("s1", "s2", "s3", "s4", "s5", "s6"), c("s1", 
"s2", "s3", "s4", "s5", "s6"), c("s1", "s2", "s3", "s4", "s5", 
"s6"), c("s1", "s2", "s3", "s4", "s5", "s6"), c("s1", "s2", "s3", 
"s4", "s5", "s6"), c("s1", "s2", "s3", "s4", "s5", "s6"), c("s1", 
"s2", "s3", "s4", "s5", "s6"), c("s1", "s2", "s3", "s4", "s5", 
"s6"), c("s1", "s2", "s3", "s4", "s5", "s6"), c("s1", "s2", "s3", 
"s4", "s5", "s6"), 1:8, 1:8, 1:8, 1:8, 1:8, 1:8, 1:8, 1:8, 1:8, 
    1:8, structure(c(1, 0, 0, 0, 0, 0), .Names = c("s1", "s2", 
    "s3", "s4", "s5", "s6")), structure(c(1, 0, 0, 0, 0, 0), .Names = c("s1", 
    "s2", "s3", "s4", "s5", "s6")), structure(c(1, 0, 0, 0, 0, 
    0), .Names = c("s1", "s2", "s3", "s4", "s5", "s6")), structure(c(1, 
    0, 0, 0, 0, 0), .Names = c("s1", "s2", "s3", "s4", "s5", 
    "s6")), structure(c(1, 0, 0, 0, 0, 0), .Names = c("s1", "s2", 
    "s3", "s4", "s5", "s6")), structure(c(1, 0, 0, 0, 0, 0), .Names = c("s1", 
    "s2", "s3", "s4", "s5", "s6")), structure(c(1, 0, 0, 0, 0, 
    0), .Names = c("s1", "s2", "s3", "s4", "s5", "s6")), structure(c(1, 
    0, 0, 0, 0, 0), .Names = c("s1", "s2", "s3", "s4", "s5", 
    "s6")), structure(c(1, 0, 0, 0, 0, 0), .Names = c("s1", "s2", 
    "s3", "s4", "s5", "s6")), structure(c(1, 0, 0, 0, 0, 0), .Names = c("s1", 
    "s2", "s3", "s4", "s5", "s6")), structure(c(0.667524117151744, 
    0, 0, 0, 0, 0, 0.332475882848256, 0.660592732805234, 0, 0, 
    0, 0, 0, 0.339407267194766, 0.755273010651264, 0, 0, 0, 0, 
    0, 0.244726989348736, 0.540281390359832, 0, 0, 0, 0, 0, 0.459718609640167, 
    0.856490472188442, 0, 0, 0, 0, 0, 0.143509527811558, 1), .Dim = c(6L, 
    6L), .Dimnames = structure(list(from = c("s1", "s2", "s3", 
    "s4", "s5", "s6"), to = c("s1", "s2", "s3", "s4", "s5", "s6"
    )), .Names = c("from", "to"))), structure(c(0.527237372393808, 
    0, 0, 0, 0, 0, 0.472762627606192, 0.00128401947377141, 0, 
    0, 0, 0, 0, 0.998715980526228, 0.865522160650612, 0, 0, 0, 
    0, 0, 0.134477839349388, 0.662276753849295, 0, 0, 0, 0, 0, 
    0.337723246150705, 0.943132582716072, 0, 0, 0, 0, 0, 0.0568674172839279, 
    1), .Dim = c(6L, 6L), .Dimnames = structure(list(from = c("s1", 
    "s2", "s3", "s4", "s5", "s6"), to = c("s1", "s2", "s3", "s4", 
    "s5", "s6")), .Names = c("from", "to"))), structure(c(0.709544453450652, 
    0, 0, 0, 0, 0, 0.290455546549348, 0.453357921700601, 0, 0, 
    0, 0, 0, 0.546642078299399, 0.640515345819746, 0, 0, 0, 0, 
    0, 0.359484654180254, 0.723670305841499, 0, 0, 0, 0, 0, 0.276329694158501, 
    0.865847204658929, 0, 0, 0, 0, 0, 0.134152795341071, 1), .Dim = c(6L, 
    6L), .Dimnames = structure(list(from = c("s1", "s2", "s3", 
    "s4", "s5", "s6"), to = c("s1", "s2", "s3", "s4", "s5", "s6"
    )), .Names = c("from", "to"))), structure(c(0.561548849923884, 
    0, 0, 0, 0, 0, 0.438451150076116, 0.632179355098558, 0, 0, 
    0, 0, 0, 0.367820644901442, 0.238256454581823, 0, 0, 0, 0, 
    0, 0.761743545418177, 0.933612451423862, 0, 0, 0, 0, 0, 0.0663875485761379, 
    0.585951601985185, 0, 0, 0, 0, 0, 0.414048398014815, 1), .Dim = c(6L, 
    6L), .Dimnames = structure(list(from = c("s1", "s2", "s3", 
    "s4", "s5", "s6"), to = c("s1", "s2", "s3", "s4", "s5", "s6"
    )), .Names = c("from", "to"))), structure(c(0.485634237361097, 
    0, 0, 0, 0, 0, 0.514365762638903, 0.800168458586178, 0, 0, 
    0, 0, 0, 0.199831541413822, 0.747603692825937, 0, 0, 0, 0, 
    0, 0.252396307174063, 0.436835397933328, 0, 0, 0, 0, 0, 0.563164602066672, 
    0.833050345126121, 0, 0, 0, 0, 0, 0.166949654873879, 1), .Dim = c(6L, 
    6L), .Dimnames = structure(list(from = c("s1", "s2", "s3", 
    "s4", "s5", "s6"), to = c("s1", "s2", "s3", "s4", "s5", "s6"
    )), .Names = c("from", "to"))), structure(c(0.773467182325689, 
    0, 0, 0, 0, 0, 0.226532817674311, 0.725838549647724, 0, 0, 
    0, 0, 0, 0.274161450352276, 0.827019141132426, 0, 0, 0, 0, 
    0, 0.172980858867574, 0.521973373549892, 0, 0, 0, 0, 0, 0.478026626450108, 
    0.869128202232058, 0, 0, 0, 0, 0, 0.130871797767942, 1), .Dim = c(6L, 
    6L), .Dimnames = structure(list(from = c("s1", "s2", "s3", 
    "s4", "s5", "s6"), to = c("s1", "s2", "s3", "s4", "s5", "s6"
    )), .Names = c("from", "to"))), structure(c(0.444913165151765, 
    0, 0, 0, 0, 0, 0.555086834848235, 0.755816705017653, 0, 0, 
    0, 0, 0, 0.244183294982347, 0.654902979908905, 0, 0, 0, 0, 
    0, 0.345097020091095, 0.794580457260193, 0, 0, 0, 0, 0, 0.205419542739807, 
    0.768028864020001, 0, 0, 0, 0, 0, 0.231971135979999, 1), .Dim = c(6L, 
    6L), .Dimnames = structure(list(from = c("s1", "s2", "s3", 
    "s4", "s5", "s6"), to = c("s1", "s2", "s3", "s4", "s5", "s6"
    )), .Names = c("from", "to"))), structure(c(0.507598175335715, 
    0, 0, 0, 0, 0, 0.492401824664285, 0.736908223043465, 0, 0, 
    0, 0, 0, 0.263091776956535, 0.397549044947094, 0, 0, 0, 0, 
    0, 0.602450955052906, 0.833945242558247, 0, 0, 0, 0, 0, 0.166054757441753, 
    0.721914899921966, 0, 0, 0, 0, 0, 0.278085100078034, 1), .Dim = c(6L, 
    6L), .Dimnames = structure(list(from = c("s1", "s2", "s3", 
    "s4", "s5", "s6"), to = c("s1", "s2", "s3", "s4", "s5", "s6"
    )), .Names = c("from", "to"))), structure(c(0.735756096142495, 
    0, 0, 0, 0, 0, 0.264243903857505, 0.57984614039635, 0, 0, 
    0, 0, 0, 0.420153859603651, 0.720514142873671, 0, 0, 0, 0, 
    0, 0.279485857126329, 0.482332331805493, 0, 0, 0, 0, 0, 0.517667668194507, 
    0.735253276424826, 0, 0, 0, 0, 0, 0.264746723575174, 1), .Dim = c(6L, 
    6L), .Dimnames = structure(list(from = c("s1", "s2", "s3", 
    "s4", "s5", "s6"), to = c("s1", "s2", "s3", "s4", "s5", "s6"
    )), .Names = c("from", "to"))), structure(c(0.72146514044566, 
    0, 0, 0, 0, 0, 0.27853485955434, 0.582592560547589, 0, 0, 
    0, 0, 0, 0.417407439452411, 0.566681787596986, 0, 0, 0, 0, 
    0, 0.433318212403014, 0.562066048185025, 0, 0, 0, 0, 0, 0.437933951814975, 
    0.715567269392361, 0, 0, 0, 0, 0, 0.284432730607639, 1), .Dim = c(6L, 
    6L), .Dimnames = structure(list(from = c("s1", "s2", "s3", 
    "s4", "s5", "s6"), to = c("s1", "s2", "s3", "s4", "s5", "s6"
    )), .Names = c("from", "to"))), structure(c(0.0487672884154728, 
    5.96478960052857e-100, 6.45758754470849e-223, 0.0467460433953355, 
    0.387777020615947, 0.00542153530445479, 0.116559887173237, 
    2.10174030086853e-226, 0, 5.54853547912822e-202, 0.611161446732793, 
    0.00414023061810951, 0.13858315722923, 3.76003857011212e-162, 
    0, 0, 2.1947472375937e-104, 0.330742635091416, 0.151508694395363, 
    3.99293564872746e-116, 0, 0, 0, 0.20151050484677, 0.337422028934785, 
    6.76088542537211e-32, 0, 0, 5.2751455607464e-179, 0.205705040619473, 
    0.0991878723050921, 0.869383461599876, 0.00159329952218007, 
    0.00338545994097351, 0.00106153265126013, 0.15548464708068, 
    0.071848584426959, 0.126570260783802, 0.982329264370049, 
    1.03627228002302e-05, 1.89035319305258e-117, 0.0868694115891817, 
    0.0361224871198605, 0.00404627761632222, 0.0160774361077711, 
    0.949858133940891, 1.31011691907055e-44, 0.0101259948499164
    ), .Dim = c(6L, 8L), .Dimnames = structure(list(states = c("s1", 
    "s2", "s3", "s4", "s5", "s6"), symbols = c("1", "2", "3", 
    "4", "5", "6", "7", "8")),