structure(list(globalReco = 0.812775330396476, scores = c(0.864285714285714, 
0.860805860805861, 0.97037037037037, 0.861423220973783, 0.848249027237354, 
0.93040293040293, 0.399239543726236, 0.903914590747331, 0.652482269503546, 
0.827338129496403)), .Names = c("globalReco", "scores"))
