structure(list(globalReco = 0.749632892804699, scores = c(0.914728682170543, 
0.875, 0.760869565217391, 0.743055555555556, 0.841059602649007, 
0.781021897810219, 0.377622377622378, 0.732283464566929, 0.6953125, 
0.790697674418605)), .Names = c("globalReco", "scores"))
