structure(list(globalReco = 0.813509544787078, scores = c(0.89922480620155, 
0.735294117647059, 0.891304347826087, 0.826388888888889, 0.940397350993378, 
0.576642335766423, 0.804195804195804, 0.874015748031496, 0.6796875, 
0.89922480620155)), .Names = c("globalReco", "scores"))
